Experiment,revenue,first_k_avg_rev,time,sold_out,order_t10,acceptable_t10,decision_t10,rev_acc_t10,rev_rej_t10,rev_order_t10,rev_ind_t10,order_t9,acceptable_t9,decision_t9,rev_acc_t9,rev_rej_t9,rev_order_t9,rev_ind_t9,order_t8,acceptable_t8,decision_t8,rev_acc_t8,rev_rej_t8,rev_order_t8,rev_ind_t8,order_t7,acceptable_t7,decision_t7,rev_acc_t7,rev_rej_t7,rev_order_t7,rev_ind_t7,order_t6,acceptable_t6,decision_t6,rev_acc_t6,rev_rej_t6,rev_order_t6,rev_ind_t6,order_t5,acceptable_t5,decision_t5,rev_acc_t5,rev_rej_t5,rev_order_t5,rev_ind_t5,order_t4,acceptable_t4,decision_t4,rev_acc_t4,rev_rej_t4,rev_order_t4,rev_ind_t4,order_t3,acceptable_t3,decision_t3,rev_acc_t3,rev_rej_t3,rev_order_t3,rev_ind_t3,order_t2,acceptable_t2,decision_t2,rev_acc_t2,rev_rej_t2,rev_order_t2,rev_ind_t2,order_t1,acceptable_t1,decision_t1,rev_acc_t1,rev_rej_t1,rev_order_t1,rev_ind_t1
1,661318.000000,661318.000000,0.000000,1,1,1,0,672567.000000,679575.000000,0.000000,89046.000000,1,1,0,583521.000000,590529.000000,0.000000,131413.000000,6,1,0,426887.000000,459116.000000,0.000000,85692.000000,5,0,0,0.000000,0.000000,0.000000,78997.000000,7,0,0,0.000000,0.000000,0.000000,65439.000000,5,0,0,0.000000,0.000000,0.000000,115829.000000,4,0,0,0.000000,0.000000,0.000000,11256.000000,2,0,0,0.000000,0.000000,0.000000,24442.000000,10,0,0,0.000000,0.000000,0.000000,15896.000000,10,0,0,0.000000,0.000000,0.000000,43308.000000
2,644405.000000,652861.500000,0.000000,1,6,1,0,656706.000000,679575.000000,0.000000,84609.000000,2,1,0,535995.000000,594966.000000,0.000000,142412.000000,0,0,0,0.000000,0.000000,0.000000,68885.000000,0,0,0,0.000000,0.000000,0.000000,46678.000000,4,0,0,0.000000,0.000000,0.000000,90396.000000,0,0,0,0.000000,0.000000,0.000000,70399.000000,10,0,0,0.000000,0.000000,0.000000,42440.000000,7,0,0,0.000000,0.000000,0.000000,47675.000000,0,0,0,0.000000,0.000000,0.000000,20773.000000,1,0,0,0.000000,0.000000,0.000000,30138.000000
3,612490.000000,639404.333333,0.000000,1,9,1,0,650483.000000,679575.000000,0.000000,115434.000000,1,1,0,557133.000000,564141.000000,0.000000,94866.000000,1,1,0,462267.000000,469275.000000,0.000000,89844.000000,10,0,0,0.000000,0.000000,0.000000,117019.000000,2,0,0,0.000000,0.000000,0.000000,37153.000000,4,0,0,0.000000,0.000000,0.000000,48872.000000,0,0,0,0.000000,0.000000,0.000000,36762.000000,2,0,0,0.000000,0.000000,0.000000,51124.000000,0,0,0,0.000000,0.000000,0.000000,5354.000000,0,0,0,0.000000,0.000000,0.000000,16062.000000
4,673149.000000,647840.500000,0.000000,1,6,1,0,656706.000000,679575.000000,0.000000,74494.000000,5,1,0,568812.000000,605081.000000,0.000000,83891.000000,0,0,0,0.000000,0.000000,0.000000,93093.000000,2,0,0,0.000000,0.000000,0.000000,112065.000000,2,0,0,0.000000,0.000000,0.000000,84244.000000,3,0,0,0.000000,0.000000,0.000000,61444.000000,0,0,0,0.000000,0.000000,0.000000,50873.000000,1,0,0,0.000000,0.000000,0.000000,35960.000000,10,0,0,0.000000,0.000000,0.000000,69053.000000,0,0,0,0.000000,0.000000,0.000000,8032.000000
5,645118.000000,647296.000000,0.000000,1,4,1,0,661662.000000,679575.000000,0.000000,95119.000000,4,1,0,566543.000000,584456.000000,0.000000,88066.000000,5,1,0,459016.000000,496390.000000,0.000000,73662.000000,7,1,0,394755.000000,422728.000000,0.000000,62496.000000,4,1,0,342319.000000,360232.000000,0.000000,63972.000000,0,0,0,0.000000,0.000000,0.000000,83742.000000,8,0,0,0.000000,0.000000,0.000000,69909.000000,10,0,0,0.000000,0.000000,0.000000,58370.000000,3,0,0,0.000000,0.000000,0.000000,25055.000000,10,0,0,0.000000,0.000000,0.000000,24727.000000
6,642069.000000,646424.833333,0.000000,1,10,1,0,628334.000000,679575.000000,0.000000,73351.000000,10,1,0,554983.000000,606224.000000,0.000000,113831.000000,3,1,0,450169.000000,492393.000000,0.000000,64909.000000,8,1,0,404764.000000,427484.000000,0.000000,43407.000000,2,1,0,309109.000000,384077.000000,0.000000,106891.000000,8,1,0,254466.000000,273638.000000,0.000000,53169.000000,9,0,0,0.000000,0.000000,0.000000,51977.000000,3,0,0,0.000000,0.000000,0.000000,70869.000000,6,0,0,0.000000,0.000000,0.000000,54020.000000,0,0,0,0.000000,0.000000,0.000000,9645.000000
7,644030.000000,646082.714286,0.000000,1,0,0,0,0.000000,0.000000,0.000000,165082.000000,2,1,0,434224.000000,514493.000000,0.000000,93484.000000,0,0,0,0.000000,0.000000,0.000000,84098.000000,1,1,0,329903.000000,336911.000000,0.000000,52289.000000,0,0,0,0.000000,0.000000,0.000000,46459.000000,0,0,0,0.000000,0.000000,0.000000,36605.000000,8,0,0,0.000000,0.000000,0.000000,47940.000000,0,0,0,0.000000,0.000000,0.000000,12014.000000,8,0,0,0.000000,0.000000,0.000000,90471.000000,1,0,0,0.000000,0.000000,0.000000,15588.000000
8,663176.000000,648219.375000,0.000000,1,2,1,0,620604.000000,679575.000000,0.000000,96952.000000,3,1,0,546304.000000,582623.000000,0.000000,78718.000000,10,1,0,452664.000000,503905.000000,0.000000,154279.000000,9,0,0,0.000000,0.000000,0.000000,49555.000000,5,0,0,0.000000,0.000000,0.000000,72014.000000,9,0,0,0.000000,0.000000,0.000000,96101.000000,10,0,0,0.000000,0.000000,0.000000,52171.000000,2,0,0,0.000000,0.000000,0.000000,47664.000000,4,0,0,0.000000,0.000000,0.000000,5422.000000,0,0,0,0.000000,0.000000,0.000000,10300.000000
9,630378.000000,646237.000000,0.000000,1,8,1,0,662245.000000,679575.000000,0.000000,87119.000000,3,1,0,556137.000000,592456.000000,0.000000,108121.000000,9,1,0,454488.000000,484335.000000,0.000000,78281.000000,8,1,0,384916.000000,406054.000000,0.000000,70250.000000,8,1,0,306921.000000,335804.000000,0.000000,71248.000000,6,0,0,0.000000,0.000000,0.000000,62605.000000,4,0,0,0.000000,0.000000,0.000000,80184.000000,3,0,0,0.000000,0.000000,0.000000,26570.000000,6,0,0,0.000000,0.000000,0.000000,8467.000000,3,0,0,0.000000,0.000000,0.000000,37533.000000
10,620898.000000,643703.100000,0.000000,1,9,1,0,650483.000000,679575.000000,0.000000,111675.000000,2,1,0,504473.000000,567900.000000,0.000000,56982.000000,10,1,0,455525.000000,510918.000000,0.000000,64497.000000,7,1,0,424978.000000,446421.000000,0.000000,86359.000000,0,0,0,0.000000,0.000000,0.000000,47532.000000,5,0,0,0.000000,0.000000,0.000000,63377.000000,0,0,0,0.000000,0.000000,0.000000,63031.000000,9,0,0,0.000000,0.000000,0.000000,77770.000000,9,0,0,0.000000,0.000000,0.000000,31792.000000,5,0,0,0.000000,0.000000,0.000000,17883.000000
11,666127.000000,645741.636364,0.000000,1,10,1,0,628334.000000,679575.000000,0.000000,121984.000000,5,1,0,513587.000000,557591.000000,0.000000,87867.000000,2,1,0,393578.000000,469724.000000,0.000000,127584.000000,7,0,0,0.000000,0.000000,0.000000,66912.000000,4,0,0,0.000000,0.000000,0.000000,62266.000000,0,0,0,0.000000,0.000000,0.000000,82816.000000,8,0,0,0.000000,0.000000,0.000000,44209.000000,0,0,0,0.000000,0.000000,0.000000,49639.000000,4,0,0,0.000000,0.000000,0.000000,14782.000000,0,0,0,0.000000,0.000000,0.000000,8068.000000
12,593995.000000,641429.416667,0.000000,1,5,1,0,643306.000000,679575.000000,0.000000,39699.000000,3,1,0,603557.000000,639876.000000,0.000000,109354.000000,9,1,0,501430.000000,530522.000000,0.000000,73589.000000,4,1,0,439020.000000,456933.000000,0.000000,105256.000000,6,1,0,328808.000000,349803.000000,0.000000,96672.000000,10,0,0,0.000000,0.000000,0.000000,69081.000000,5,0,0,0.000000,0.000000,0.000000,42088.000000,1,0,0,0.000000,0.000000,0.000000,29692.000000,8,0,0,0.000000,0.000000,0.000000,26086.000000,3,0,0,0.000000,0.000000,0.000000,2478.000000
13,664059.000000,643170.153846,0.000000,1,7,1,0,658990.000000,679575.000000,0.000000,111929.000000,8,1,0,550316.000000,567646.000000,0.000000,150130.000000,9,0,0,0.000000,0.000000,0.000000,91512.000000,10,0,0,0.000000,0.000000,0.000000,103263.000000,0,0,0,0.000000,0.000000,0.000000,70767.000000,3,0,0,0.000000,0.000000,0.000000,67984.000000,7,0,0,0.000000,0.000000,0.000000,23621.000000,8,0,0,0.000000,0.000000,0.000000,14573.000000,5,0,0,0.000000,0.000000,0.000000,25952.000000,0,0,0,0.000000,0.000000,0.000000,4328.000000
14,635580.000000,642628.000000,0.000000,1,6,1,0,656706.000000,679575.000000,0.000000,55499.000000,0,0,0,0.000000,0.000000,0.000000,76662.000000,9,1,0,509921.000000,547414.000000,0.000000,103032.000000,6,1,0,408943.000000,444382.000000,0.000000,59242.000000,0,0,0,0.000000,0.000000,0.000000,72258.000000,6,0,0,0.000000,0.000000,0.000000,126974.000000,8,0,0,0.000000,0.000000,0.000000,86960.000000,9,0,0,0.000000,0.000000,0.000000,25506.000000,6,0,0,0.000000,0.000000,0.000000,20255.000000,2,0,0,0.000000,0.000000,0.000000,9192.000000
15,672551.000000,644622.866667,0.000000,1,5,1,0,643306.000000,679575.000000,0.000000,92999.000000,2,1,0,527605.000000,586576.000000,0.000000,142877.000000,0,0,0,0.000000,0.000000,0.000000,97422.000000,7,0,0,0.000000,0.000000,0.000000,102605.000000,7,0,0,0.000000,0.000000,0.000000,43894.000000,7,0,0,0.000000,0.000000,0.000000,36239.000000,0,0,0,0.000000,0.000000,0.000000,32564.000000,2,0,0,0.000000,0.000000,0.000000,32793.000000,9,0,0,0.000000,0.000000,0.000000,52763.000000,9,0,0,0.000000,0.000000,0.000000,38395.000000
16,597620.000000,641685.187500,0.000000,1,1,1,0,672567.000000,679575.000000,0.000000,123122.000000,6,1,0,533584.000000,556453.000000,0.000000,101275.000000,0,0,0,0.000000,0.000000,0.000000,87874.000000,8,1,0,349264.000000,367304.000000,0.000000,95629.000000,8,0,0,0.000000,0.000000,0.000000,56201.000000,0,0,0,0.000000,0.000000,0.000000,34808.000000,8,0,0,0.000000,0.000000,0.000000,24778.000000,7,0,0,0.000000,0.000000,0.000000,39918.000000,6,0,0,0.000000,0.000000,0.000000,22449.000000,2,0,0,0.000000,0.000000,0.000000,11566.000000
17,632835.000000,641164.588235,0.000000,1,0,0,0,0.000000,0.000000,0.000000,92833.000000,0,0,0,0.000000,0.000000,0.000000,51648.000000,4,1,0,517181.000000,535094.000000,0.000000,95102.000000,6,1,0,399299.000000,439992.000000,0.000000,105393.000000,9,0,0,0.000000,0.000000,0.000000,79453.000000,0,0,0,0.000000,0.000000,0.000000,41583.000000,0,0,0,0.000000,0.000000,0.000000,44757.000000,8,0,0,0.000000,0.000000,0.000000,36602.000000,8,0,0,0.000000,0.000000,0.000000,56870.000000,4,0,0,0.000000,0.000000,0.000000,28594.000000
18,629308.000000,640505.888889,0.000000,1,6,1,0,656706.000000,679575.000000,0.000000,152961.000000,0,0,0,0.000000,0.000000,0.000000,112113.000000,0,0,0,0.000000,0.000000,0.000000,58363.000000,3,0,0,0.000000,0.000000,0.000000,60268.000000,8,0,0,0.000000,0.000000,0.000000,57609.000000,6,0,0,0.000000,0.000000,0.000000,51797.000000,5,0,0,0.000000,0.000000,0.000000,60550.000000,1,0,0,0.000000,0.000000,0.000000,18373.000000,0,0,0,0.000000,0.000000,0.000000,11491.000000,0,0,0,0.000000,0.000000,0.000000,45783.000000
19,640650.000000,640513.473684,0.000000,1,2,1,0,620604.000000,679575.000000,0.000000,125076.000000,6,1,0,531630.000000,554499.000000,0.000000,78781.000000,9,1,0,446626.000000,475718.000000,0.000000,113358.000000,3,0,0,0.000000,0.000000,0.000000,43875.000000,0,0,0,0.000000,0.000000,0.000000,60816.000000,0,0,0,0.000000,0.000000,0.000000,66738.000000,8,0,0,0.000000,0.000000,0.000000,44759.000000,7,0,0,0.000000,0.000000,0.000000,49912.000000,6,0,0,0.000000,0.000000,0.000000,29874.000000,0,0,0,0.000000,0.000000,0.000000,27461.000000
20,662506.000000,641613.100000,0.000000,1,2,1,0,620604.000000,679575.000000,0.000000,87743.000000,0,0,0,0.000000,0.000000,0.000000,61250.000000,7,1,0,509997.000000,530582.000000,0.000000,88854.000000,8,1,0,424398.000000,441728.000000,0.000000,97260.000000,0,0,0,0.000000,0.000000,0.000000,93352.000000,6,0,0,0.000000,0.000000,0.000000,84371.000000,0,0,0,0.000000,0.000000,0.000000,55985.000000,8,0,0,0.000000,0.000000,0.000000,67367.000000,0,0,0,0.000000,0.000000,0.000000,17352.000000,2,0,0,0.000000,0.000000,0.000000,8972.000000
21,594347.000000,639362.333333,0.000000,1,7,1,0,658990.000000,679575.000000,0.000000,109519.000000,0,0,0,0.000000,0.000000,0.000000,119250.000000,5,1,0,411292.000000,450806.000000,0.000000,69453.000000,7,1,0,360768.000000,381353.000000,0.000000,65988.000000,8,0,0,0.000000,0.000000,0.000000,53995.000000,3,0,0,0.000000,0.000000,0.000000,83871.000000,1,0,0,0.000000,0.000000,0.000000,38183.000000,4,0,0,0.000000,0.000000,0.000000,28499.000000,6,0,0,0.000000,0.000000,0.000000,23689.000000,1,0,0,0.000000,0.000000,0.000000,1900.000000
22,628604.000000,638873.318182,0.000000,1,5,1,0,643306.000000,679575.000000,0.000000,98901.000000,5,1,0,538880.000000,580674.000000,0.000000,89466.000000,8,1,0,473878.000000,491208.000000,0.000000,66008.000000,3,1,0,372125.000000,425200.000000,0.000000,58215.000000,10,0,0,0.000000,0.000000,0.000000,82252.000000,1,1,0,273760.000000,277008.000000,0.000000,35721.000000,5,0,0,0.000000,0.000000,0.000000,60471.000000,4,0,0,0.000000,0.000000,0.000000,84004.000000,2,0,0,0.000000,0.000000,0.000000,33360.000000,6,0,0,0.000000,0.000000,0.000000,20206.000000
23,663454.000000,639942.043478,0.000000,1,6,1,0,656706.000000,679575.000000,0.000000,86650.000000,4,1,0,575012.000000,592925.000000,0.000000,88147.000000,5,1,0,465194.000000,504778.000000,0.000000,83023.000000,6,1,0,390671.000000,421755.000000,0.000000,151082.000000,3,0,0,0.000000,0.000000,0.000000,75513.000000,3,0,0,0.000000,0.000000,0.000000,61964.000000,1,0,0,0.000000,0.000000,0.000000,61649.000000,4,0,0,0.000000,0.000000,0.000000,33653.000000,0,0,0,0.000000,0.000000,0.000000,13419.000000,10,0,0,0.000000,0.000000,0.000000,8354.000000
24,630609.000000,639553.166667,0.000000,1,4,1,0,661662.000000,679575.000000,0.000000,81182.000000,7,1,0,577808.000000,598393.000000,0.000000,135240.000000,9,1,0,433306.000000,463153.000000,0.000000,50859.000000,10,0,0,0.000000,0.000000,0.000000,61345.000000,0,0,0,0.000000,0.000000,0.000000,72132.000000,0,0,0,0.000000,0.000000,0.000000,102780.000000,8,0,0,0.000000,0.000000,0.000000,32910.000000,8,0,0,0.000000,0.000000,0.000000,51220.000000,0,0,0,0.000000,0.000000,0.000000,24272.000000,2,0,0,0.000000,0.000000,0.000000,18669.000000
25,625666.000000,638997.680000,0.000000,1,3,1,0,643256.000000,679575.000000,0.000000,61690.000000,7,1,0,597300.000000,617885.000000,0.000000,48472.000000,7,1,0,548828.000000,569413.000000,0.000000,58043.000000,4,1,0,490808.000000,508721.000000,0.000000,128415.000000,6,1,0,352139.000000,372359.000000,0.000000,99731.000000,0,0,0,0.000000,0.000000,0.000000,94947.000000,3,0,0,0.000000,0.000000,0.000000,30929.000000,0,0,0,0.000000,0.000000,0.000000,39221.000000,7,0,0,0.000000,0.000000,0.000000,37714.000000,4,0,0,0.000000,0.000000,0.000000,26504.000000
26,679575.000000,640558.346154,0.000000,1,8,1,0,662245.000000,679575.000000,0.000000,101711.000000,10,1,0,526623.000000,577864.000000,0.000000,157117.000000,2,0,0,0.000000,0.000000,0.000000,122391.000000,6,0,0,0.000000,0.000000,0.000000,86658.000000,3,0,0,0.000000,0.000000,0.000000,47229.000000,6,0,0,0.000000,0.000000,0.000000,27359.000000,5,0,0,0.000000,0.000000,0.000000,44850.000000,7,0,0,0.000000,0.000000,0.000000,23443.000000,2,0,0,0.000000,0.000000,0.000000,39619.000000,5,0,0,0.000000,0.000000,0.000000,29198.000000
27,600470.000000,639073.592593,0.000000,1,5,1,0,643306.000000,679575.000000,0.000000,80405.000000,1,1,0,592162.000000,599170.000000,0.000000,88450.000000,7,1,0,490135.000000,510720.000000,0.000000,70314.000000,6,1,0,415197.000000,440406.000000,0.000000,82178.000000,9,1,0,326752.000000,358228.000000,0.000000,84255.000000,0,0,0,0.000000,0.000000,0.000000,84389.000000,3,0,0,0.000000,0.000000,0.000000,44258.000000,8,0,0,0.000000,0.000000,0.000000,25163.000000,7,0,0,0.000000,0.000000,0.000000,21010.000000,9,0,0,0.000000,0.000000,0.000000,20048.000000
28,670455.000000,640194.357143,0.000000,1,9,1,0,650483.000000,679575.000000,0.000000,105383.000000,7,1,0,553607.000000,574192.000000,0.000000,59369.000000,8,1,0,497493.000000,514823.000000,0.000000,126416.000000,10,1,0,321807.000000,388407.000000,0.000000,90545.000000,0,0,0,0.000000,0.000000,0.000000,18086.000000,10,0,0,0.000000,0.000000,0.000000,157381.000000,7,0,0,0.000000,0.000000,0.000000,27800.000000,2,0,0,0.000000,0.000000,0.000000,21264.000000,1,0,0,0.000000,0.000000,0.000000,42069.000000,6,0,0,0.000000,0.000000,0.000000,22142.000000
29,611275.000000,639197.137931,0.000000,1,0,0,0,0.000000,0.000000,0.000000,102411.000000,5,1,0,539790.000000,577164.000000,0.000000,128514.000000,2,1,0,385578.000000,448650.000000,0.000000,70860.000000,6,1,0,350241.000000,375312.000000,0.000000,89370.000000,8,0,0,0.000000,0.000000,0.000000,57524.000000,0,0,0,0.000000,0.000000,0.000000,47785.000000,2,0,0,0.000000,0.000000,0.000000,36879.000000,8,0,0,0.000000,0.000000,0.000000,37843.000000,8,0,0,0.000000,0.000000,0.000000,23590.000000,7,0,0,0.000000,0.000000,0.000000,16499.000000
30,667134.000000,640128.366667,0.000000,1,0,0,0,0.000000,0.000000,0.000000,75335.000000,10,1,0,552999.000000,604240.000000,0.000000,149252.000000,5,1,0,413152.000000,454988.000000,0.000000,88697.000000,10,0,0,0.000000,0.000000,0.000000,105843.000000,1,1,0,250353.000000,260448.000000,0.000000,62397.000000,1,1,0,187956.000000,198051.000000,0.000000,27852.000000,8,0,0,0.000000,0.000000,0.000000,25105.000000,5,0,0,0.000000,0.000000,0.000000,56947.000000,5,0,0,0.000000,0.000000,0.000000,53347.000000,0,0,0,0.000000,0.000000,0.000000,22359.000000
31,672679.000000,641178.387097,0.000000,1,10,1,0,628334.000000,679575.000000,0.000000,132399.000000,2,1,0,488205.000000,547176.000000,0.000000,111458.000000,6,0,0,0.000000,0.000000,0.000000,110851.000000,6,0,0,0.000000,0.000000,0.000000,72599.000000,9,0,0,0.000000,0.000000,0.000000,56338.000000,6,0,0,0.000000,0.000000,0.000000,66049.000000,1,0,0,0.000000,0.000000,0.000000,38999.000000,6,0,0,0.000000,0.000000,0.000000,24671.000000,3,0,0,0.000000,0.000000,0.000000,47147.000000,4,0,0,0.000000,0.000000,0.000000,12168.000000
32,641558.000000,641190.250000,0.000000,1,10,1,0,628334.000000,679575.000000,0.000000,125206.000000,10,1,0,503128.000000,554369.000000,0.000000,91930.000000,10,0,0,0.000000,0.000000,0.000000,48310.000000,2,0,0,0.000000,0.000000,0.000000,104322.000000,5,0,0,0.000000,0.000000,0.000000,44805.000000,2,0,0,0.000000,0.000000,0.000000,81510.000000,6,0,0,0.000000,0.000000,0.000000,76574.000000,8,0,0,0.000000,0.000000,0.000000,19731.000000,0,0,0,0.000000,0.000000,0.000000,29846.000000,2,0,0,0.000000,0.000000,0.000000,19324.000000
33,664707.000000,641902.878788,0.000000,1,6,1,0,656706.000000,679575.000000,0.000000,112970.000000,8,1,0,549275.000000,566605.000000,0.000000,142165.000000,1,1,0,417432.000000,424440.000000,0.000000,105135.000000,0,0,0,0.000000,0.000000,0.000000,78142.000000,4,0,0,0.000000,0.000000,0.000000,112473.000000,9,0,0,0.000000,0.000000,0.000000,57192.000000,1,0,0,0.000000,0.000000,0.000000,27361.000000,9,0,0,0.000000,0.000000,0.000000,11923.000000,2,0,0,0.000000,0.000000,0.000000,12390.000000,4,0,0,0.000000,0.000000,0.000000,4956.000000
34,640985.000000,641875.882353,0.000000,1,0,0,0,0.000000,0.000000,0.000000,119124.000000,0,0,0,0.000000,0.000000,0.000000,132201.000000,4,1,0,410337.000000,428250.000000,0.000000,94412.000000,1,1,0,326830.000000,333838.000000,0.000000,95757.000000,4,1,0,220168.000000,238081.000000,0.000000,61535.000000,1,0,0,0.000000,0.000000,0.000000,66760.000000,7,0,0,0.000000,0.000000,0.000000,32300.000000,0,0,0,0.000000,0.000000,0.000000,6165.000000,4,0,0,0.000000,0.000000,0.000000,30054.000000,0,0,0,0.000000,0.000000,0.000000,2677.000000
35,628110.000000,641482.571429,0.000000,1,0,0,0,0.000000,0.000000,0.000000,52858.000000,5,1,0,590448.000000,626717.000000,0.000000,93412.000000,5,1,0,495931.000000,533305.000000,0.000000,81132.000000,0,0,0,0.000000,0.000000,0.000000,91801.000000,8,1,0,343042.000000,360372.000000,0.000000,65727.000000,6,0,0,0.000000,0.000000,0.000000,102581.000000,0,0,0,0.000000,0.000000,0.000000,52091.000000,3,0,0,0.000000,0.000000,0.000000,19947.000000,0,0,0,0.000000,0.000000,0.000000,46144.000000,0,0,0,0.000000,0.000000,0.000000,22417.000000
36,608608.000000,640569.388889,0.000000,1,1,1,0,672567.000000,679575.000000,0.000000,109096.000000,1,1,0,563471.000000,570479.000000,0.000000,97973.000000,1,1,0,465498.000000,472506.000000,0.000000,105005.000000,8,1,0,350171.000000,367501.000000,0.000000,98179.000000,0,0,0,0.000000,0.000000,0.000000,90517.000000,6,0,0,0.000000,0.000000,0.000000,23081.000000,3,0,0,0.000000,0.000000,0.000000,26438.000000,4,0,0,0.000000,0.000000,0.000000,33351.000000,4,0,0,0.000000,0.000000,0.000000,16275.000000,10,0,0,0.000000,0.000000,0.000000,8693.000000
37,634241.000000,640398.351351,0.000000,1,1,1,0,672567.000000,679575.000000,0.000000,88632.000000,2,1,0,531972.000000,590943.000000,0.000000,46906.000000,0,0,0,0.000000,0.000000,0.000000,97368.000000,6,1,0,414440.000000,446669.000000,0.000000,89993.000000,3,0,0,0.000000,0.000000,0.000000,104338.000000,5,0,0,0.000000,0.000000,0.000000,102489.000000,3,0,0,0.000000,0.000000,0.000000,34833.000000,4,0,0,0.000000,0.000000,0.000000,15061.000000,6,0,0,0.000000,0.000000,0.000000,29416.000000,1,0,0,0.000000,0.000000,0.000000,25205.000000
38,646529.000000,640559.684211,0.000000,1,7,1,0,658990.000000,679575.000000,0.000000,118189.000000,9,1,0,532294.000000,561386.000000,0.000000,58371.000000,0,0,0,0.000000,0.000000,0.000000,134235.000000,0,0,0,0.000000,0.000000,0.000000,94922.000000,0,0,0,0.000000,0.000000,0.000000,94172.000000,7,0,0,0.000000,0.000000,0.000000,50759.000000,5,0,0,0.000000,0.000000,0.000000,32698.000000,3,0,0,0.000000,0.000000,0.000000,25719.000000,2,0,0,0.000000,0.000000,0.000000,17124.000000,6,0,0,0.000000,0.000000,0.000000,20340.000000
39,621879.000000,640080.692308,0.000000,1,6,1,0,656706.000000,679575.000000,0.000000,129884.000000,4,1,0,531778.000000,549691.000000,0.000000,140972.000000,6,0,0,0.000000,0.000000,0.000000,26836.000000,9,0,0,0.000000,0.000000,0.000000,80533.000000,2,0,0,0.000000,0.000000,0.000000,63000.000000,0,0,0,0.000000,0.000000,0.000000,48788.000000,0,0,0,0.000000,0.000000,0.000000,73428.000000,7,0,0,0.000000,0.000000,0.000000,26948.000000,0,0,0,0.000000,0.000000,0.000000,24466.000000,0,0,0,0.000000,0.000000,0.000000,7024.000000
40,659830.000000,640574.425000,0.000000,1,1,1,0,672567.000000,679575.000000,0.000000,65036.000000,0,0,0,0.000000,0.000000,0.000000,66982.000000,8,1,0,530227.000000,547557.000000,0.000000,132321.000000,4,1,0,393235.000000,415236.000000,0.000000,95658.000000,7,0,0,0.000000,0.000000,0.000000,77359.000000,4,1,0,220218.000000,242219.000000,0.000000,50647.000000,2,0,0,0.000000,0.000000,0.000000,48361.000000,0,0,0,0.000000,0.000000,0.000000,56922.000000,5,0,0,0.000000,0.000000,0.000000,26843.000000,0,0,0,0.000000,0.000000,0.000000,39701.000000
41,612070.000000,639879.195122,0.000000,1,4,1,0,661662.000000,679575.000000,0.000000,74288.000000,8,1,0,587957.000000,605287.000000,0.000000,72994.000000,2,1,0,473322.000000,532293.000000,0.000000,82670.000000,3,1,0,408580.000000,449623.000000,0.000000,45746.000000,7,1,0,378065.000000,403877.000000,0.000000,88805.000000,6,0,0,0.000000,0.000000,0.000000,40655.000000,3,0,0,0.000000,0.000000,0.000000,78062.000000,3,0,0,0.000000,0.000000,0.000000,58193.000000,9,0,0,0.000000,0.000000,0.000000,44100.000000,8,0,0,0.000000,0.000000,0.000000,26557.000000
42,631979.000000,639691.095238,0.000000,1,5,1,0,643306.000000,679575.000000,0.000000,52229.000000,0,0,0,0.000000,0.000000,0.000000,93468.000000,1,1,0,526870.000000,533878.000000,0.000000,114117.000000,7,1,0,396110.000000,419761.000000,0.000000,47826.000000,1,1,0,356807.000000,363815.000000,0.000000,47776.000000,0,0,0,0.000000,0.000000,0.000000,70255.000000,7,0,0,0.000000,0.000000,0.000000,79427.000000,1,1,0,130796.000000,137804.000000,0.000000,46053.000000,6,0,0,0.000000,0.000000,0.000000,52404.000000,10,0,0,0.000000,0.000000,0.000000,28424.000000
43,643089.000000,639770.116279,0.000000,1,8,1,0,662245.000000,679575.000000,0.000000,91239.000000,0,0,0,0.000000,0.000000,0.000000,87214.000000,1,1,0,494114.000000,501122.000000,0.000000,47508.000000,8,1,0,430894.000000,453614.000000,0.000000,108540.000000,0,0,0,0.000000,0.000000,0.000000,61708.000000,7,0,0,0.000000,0.000000,0.000000,63779.000000,8,0,0,0.000000,0.000000,0.000000,70572.000000,1,0,0,0.000000,0.000000,0.000000,60628.000000,6,0,0,0.000000,0.000000,0.000000,11110.000000,0,0,0,0.000000,0.000000,0.000000,40791.000000
44,664455.000000,640331.136364,0.000000,1,7,1,0,658990.000000,679575.000000,0.000000,50144.000000,8,1,0,612101.000000,629431.000000,0.000000,224623.000000,0,0,0,0.000000,0.000000,0.000000,110426.000000,7,0,0,0.000000,0.000000,0.000000,56307.000000,7,0,0,0.000000,0.000000,0.000000,33939.000000,3,0,0,0.000000,0.000000,0.000000,54933.000000,4,0,0,0.000000,0.000000,0.000000,54478.000000,10,0,0,0.000000,0.000000,0.000000,13762.000000,6,0,0,0.000000,0.000000,0.000000,62197.000000,4,0,0,0.000000,0.000000,0.000000,3646.000000
45,653711.000000,640628.466667,0.000000,1,5,1,0,643306.000000,679575.000000,0.000000,69804.000000,3,1,0,573452.000000,609771.000000,0.000000,70469.000000,0,0,0,0.000000,0.000000,0.000000,64071.000000,2,1,0,416260.000000,475231.000000,0.000000,107990.000000,2,0,0,0.000000,0.000000,0.000000,75903.000000,0,0,0,0.000000,0.000000,0.000000,66936.000000,10,0,0,0.000000,0.000000,0.000000,83032.000000,1,1,0,127691.000000,134514.000000,0.000000,40809.000000,5,0,0,0.000000,0.000000,0.000000,54438.000000,1,0,0,0.000000,0.000000,0.000000,20259.000000
46,652737.000000,640891.695652,0.000000,1,10,1,0,628334.000000,679575.000000,0.000000,128313.000000,3,1,0,504314.000000,551262.000000,0.000000,87511.000000,4,1,0,445838.000000,463751.000000,0.000000,81219.000000,10,1,0,319133.000000,382532.000000,0.000000,75334.000000,0,0,0,0.000000,0.000000,0.000000,68245.000000,9,0,0,0.000000,0.000000,0.000000,87745.000000,6,0,0,0.000000,0.000000,0.000000,57914.000000,8,0,0,0.000000,0.000000,0.000000,31859.000000,2,0,0,0.000000,0.000000,0.000000,13985.000000,3,0,0,0.000000,0.000000,0.000000,20612.000000
47,679575.000000,641714.744681,0.000000,1,2,1,0,620604.000000,679575.000000,0.000000,123526.000000,0,0,0,0.000000,0.000000,0.000000,125616.000000,9,1,0,401341.000000,430433.000000,0.000000,71207.000000,8,1,0,341896.000000,359226.000000,0.000000,68013.000000,7,0,0,0.000000,0.000000,0.000000,127911.000000,4,0,0,0.000000,0.000000,0.000000,68451.000000,3,0,0,0.000000,0.000000,0.000000,65626.000000,0,0,0,0.000000,0.000000,0.000000,19487.000000,5,0,0,0.000000,0.000000,0.000000,7574.000000,0,0,0,0.000000,0.000000,0.000000,2164.000000
48,671034.000000,642325.562500,0.000000,1,7,1,0,658990.000000,679575.000000,0.000000,97355.000000,3,1,0,545901.000000,582220.000000,0.000000,123903.000000,3,1,0,421998.000000,458317.000000,0.000000,116686.000000,7,1,0,321046.000000,341631.000000,0.000000,89340.000000,0,0,0,0.000000,0.000000,0.000000,94645.000000,0,0,0,0.000000,0.000000,0.000000,60406.000000,9,0,0,0.000000,0.000000,0.000000,44913.000000,5,0,0,0.000000,0.000000,0.000000,24047.000000,8,0,0,0.000000,0.000000,0.000000,17041.000000,5,0,0,0.000000,0.000000,0.000000,2698.000000
49,641107.000000,642300.693878,1.000000,1,10,1,0,628334.000000,679575.000000,0.000000,103094.000000,2,1,0,513658.000000,576481.000000,0.000000,142445.000000,7,1,0,413451.000000,434036.000000,0.000000,104784.000000,0,0,0,0.000000,0.000000,0.000000,48016.000000,9,0,0,0.000000,0.000000,0.000000,131171.000000,10,0,0,0.000000,0.000000,0.000000,27943.000000,0,0,0,0.000000,0.000000,0.000000,26043.000000,8,0,0,0.000000,0.000000,0.000000,43913.000000,1,0,0,0.000000,0.000000,0.000000,2805.000000,3,0,0,0.000000,0.000000,0.000000,10893.000000
50,679575.000000,643046.180000,0.000000,1,6,1,0,656706.000000,679575.000000,0.000000,213738.000000,8,1,0,448507.000000,465837.000000,0.000000,86257.000000,7,1,0,356440.000000,379580.000000,0.000000,92490.000000,0,0,0,0.000000,0.000000,0.000000,64824.000000,0,0,0,0.000000,0.000000,0.000000,72470.000000,0,0,0,0.000000,0.000000,0.000000,37177.000000,6,0,0,0.000000,0.000000,0.000000,35899.000000,3,0,0,0.000000,0.000000,0.000000,39643.000000,0,0,0,0.000000,0.000000,0.000000,19207.000000,9,0,0,0.000000,0.000000,0.000000,17870.000000
51,672881.000000,643631.176471,0.000000,1,0,0,0,0.000000,0.000000,0.000000,116794.000000,0,0,0,0.000000,0.000000,0.000000,134811.000000,1,1,0,420920.000000,427970.000000,0.000000,88143.000000,8,0,0,0.000000,0.000000,0.000000,33856.000000,4,0,0,0.000000,0.000000,0.000000,102491.000000,0,0,0,0.000000,0.000000,0.000000,50056.000000,2,0,0,0.000000,0.000000,0.000000,40733.000000,4,0,0,0.000000,0.000000,0.000000,78258.000000,6,0,0,0.000000,0.000000,0.000000,18385.000000,3,0,0,0.000000,0.000000,0.000000,9354.000000
52,674403.000000,644222.942308,0.000000,1,7,1,0,658990.000000,679575.000000,0.000000,108222.000000,0,0,0,0.000000,0.000000,0.000000,167639.000000,3,0,0,0.000000,0.000000,0.000000,81845.000000,10,0,0,0.000000,0.000000,0.000000,97714.000000,10,0,0,0.000000,0.000000,0.000000,75063.000000,0,0,0,0.000000,0.000000,0.000000,53551.000000,4,0,0,0.000000,0.000000,0.000000,34636.000000,0,0,0,0.000000,0.000000,0.000000,29022.000000,0,0,0,0.000000,0.000000,0.000000,10708.000000,0,0,0,0.000000,0.000000,0.000000,16003.000000
53,645562.000000,644248.207547,0.000000,1,5,1,0,643306.000000,679575.000000,0.000000,121693.000000,10,1,0,506641.000000,557882.000000,0.000000,128770.000000,9,0,0,0.000000,0.000000,0.000000,93242.000000,6,0,0,0.000000,0.000000,0.000000,80679.000000,6,0,0,0.000000,0.000000,0.000000,46916.000000,2,0,0,0.000000,0.000000,0.000000,54295.000000,1,0,0,0.000000,0.000000,0.000000,57011.000000,2,0,0,0.000000,0.000000,0.000000,44522.000000,5,0,0,0.000000,0.000000,0.000000,10403.000000,0,0,0,0.000000,0.000000,0.000000,8031.000000
54,638027.000000,644133.000000,0.000000,1,10,1,0,628334.000000,679575.000000,0.000000,142023.000000,0,0,0,0.000000,0.000000,0.000000,62521.000000,5,1,0,433237.000000,475031.000000,0.000000,51703.000000,4,1,0,399239.000000,423328.000000,0.000000,104406.000000,3,0,0,0.000000,0.000000,0.000000,84274.000000,0,0,0,0.000000,0.000000,0.000000,39214.000000,9,0,0,0.000000,0.000000,0.000000,67690.000000,0,0,0,0.000000,0.000000,0.000000,73235.000000,6,0,0,0.000000,0.000000,0.000000,11992.000000,3,0,0,0.000000,0.000000,0.000000,969.000000
55,667715.000000,644561.763636,0.000000,1,3,1,0,643256.000000,679575.000000,0.000000,60847.000000,4,1,0,600815.000000,618728.000000,0.000000,89021.000000,8,1,0,512377.000000,529707.000000,0.000000,80756.000000,0,0,0,0.000000,0.000000,0.000000,83077.000000,7,0,0,0.000000,0.000000,0.000000,54512.000000,4,1,0,273506.000000,281773.000000,0.000000,104876.000000,5,0,0,0.000000,0.000000,0.000000,65155.000000,9,0,0,0.000000,0.000000,0.000000,38851.000000,6,0,0,0.000000,0.000000,0.000000,59516.000000,0,0,0,0.000000,0.000000,0.000000,31104.000000
56,673106.000000,645071.482143,0.000000,1,0,0,0,0.000000,0.000000,0.000000,99533.000000,8,1,0,562712.000000,580042.000000,0.000000,63852.000000,5,1,0,479921.000000,516190.000000,0.000000,140567.000000,5,0,0,0.000000,0.000000,0.000000,104796.000000,6,0,0,0.000000,0.000000,0.000000,92692.000000,9,0,0,0.000000,0.000000,0.000000,98855.000000,3,0,0,0.000000,0.000000,0.000000,31340.000000,0,0,0,0.000000,0.000000,0.000000,21187.000000,4,0,0,0.000000,0.000000,0.000000,10994.000000,10,0,0,0.000000,0.000000,0.000000,9290.000000
57,643180.000000,645038.298246,0.000000,1,0,0,0,0.000000,0.000000,0.000000,57521.000000,0,0,0,0.000000,0.000000,0.000000,55502.000000,8,1,0,549222.000000,566552.000000,0.000000,147382.000000,9,0,0,0.000000,0.000000,0.000000,95404.000000,9,0,0,0.000000,0.000000,0.000000,65177.000000,0,0,0,0.000000,0.000000,0.000000,65231.000000,3,0,0,0.000000,0.000000,0.000000,89396.000000,0,0,0,0.000000,0.000000,0.000000,13639.000000,6,0,0,0.000000,0.000000,0.000000,32110.000000,1,0,0,0.000000,0.000000,0.000000,21818.000000
58,634800.000000,644861.775862,0.000000,1,4,1,0,661662.000000,679575.000000,0.000000,89166.000000,2,1,0,531438.000000,590409.000000,0.000000,52983.000000,6,1,0,514557.000000,537426.000000,0.000000,82629.000000,9,1,0,410413.000000,454797.000000,0.000000,86490.000000,0,0,0,0.000000,0.000000,0.000000,69378.000000,8,0,0,0.000000,0.000000,0.000000,41512.000000,2,0,0,0.000000,0.000000,0.000000,51311.000000,1,0,0,0.000000,0.000000,0.000000,51375.000000,4,0,0,0.000000,0.000000,0.000000,68239.000000,3,0,0,0.000000,0.000000,0.000000,41717.000000
59,650128.000000,644951.033898,0.000000,1,10,1,0,628334.000000,679575.000000,0.000000,139164.000000,10,1,0,479580.000000,540411.000000,0.000000,108313.000000,3,0,0,0.000000,0.000000,0.000000,89933.000000,1,1,0,329393.000000,339488.000000,0.000000,52290.000000,6,0,0,0.000000,0.000000,0.000000,107060.000000,10,0,0,0.000000,0.000000,0.000000,82792.000000,9,0,0,0.000000,0.000000,0.000000,16052.000000,0,0,0,0.000000,0.000000,0.000000,26378.000000,4,0,0,0.000000,0.000000,0.000000,23745.000000,9,0,0,0.000000,0.000000,0.000000,4401.000000
60,663238.000000,645255.816667,0.000000,1,1,1,0,672567.000000,679575.000000,0.000000,123683.000000,3,1,0,519573.000000,555892.000000,0.000000,135931.000000,8,1,0,402631.000000,419961.000000,0.000000,61322.000000,1,1,0,351631.000000,358639.000000,0.000000,69151.000000,6,0,0,0.000000,0.000000,0.000000,69708.000000,5,0,0,0.000000,0.000000,0.000000,41537.000000,7,0,0,0.000000,0.000000,0.000000,81404.000000,0,0,0,0.000000,0.000000,0.000000,36546.000000,10,0,0,0.000000,0.000000,0.000000,34888.000000,8,0,0,0.000000,0.000000,0.000000,9068.000000
61,664175.000000,645565.967213,0.000000,1,1,1,0,672567.000000,679575.000000,0.000000,82209.000000,0,0,0,0.000000,0.000000,0.000000,83060.000000,7,1,0,493721.000000,514306.000000,0.000000,96133.000000,10,1,0,366932.000000,418173.000000,0.000000,133823.000000,6,1,0,258668.000000,284350.000000,0.000000,74659.000000,5,0,0,0.000000,0.000000,0.000000,74564.000000,1,0,0,0.000000,0.000000,0.000000,62603.000000,0,0,0,0.000000,0.000000,0.000000,6191.000000,6,0,0,0.000000,0.000000,0.000000,23546.000000,7,0,0,0.000000,0.000000,0.000000,27387.000000
62,650405.000000,645644.016129,0.000000,1,5,1,0,643306.000000,679575.000000,0.000000,130359.000000,6,1,0,526347.000000,549216.000000,0.000000,111563.000000,1,1,0,430645.000000,437653.000000,0.000000,65798.000000,8,1,0,353105.000000,371855.000000,0.000000,46837.000000,3,0,0,0.000000,0.000000,0.000000,60929.000000,0,0,0,0.000000,0.000000,0.000000,70295.000000,5,0,0,0.000000,0.000000,0.000000,71394.000000,7,0,0,0.000000,0.000000,0.000000,42814.000000,8,0,0,0.000000,0.000000,0.000000,30475.000000,9,0,0,0.000000,0.000000,0.000000,19941.000000
63,656875.000000,645822.285714,0.000000,1,0,0,0,0.000000,0.000000,0.000000,151970.000000,8,1,0,510275.000000,527605.000000,0.000000,79746.000000,9,1,0,418767.000000,447859.000000,0.000000,53257.000000,3,0,0,0.000000,0.000000,0.000000,76618.000000,0,0,0,0.000000,0.000000,0.000000,109289.000000,2,0,0,0.000000,0.000000,0.000000,52822.000000,7,0,0,0.000000,0.000000,0.000000,31484.000000,1,0,0,0.000000,0.000000,0.000000,40927.000000,5,0,0,0.000000,0.000000,0.000000,40297.000000,10,0,0,0.000000,0.000000,0.000000,20465.000000
64,641166.000000,645749.531250,0.000000,1,6,1,0,656706.000000,679575.000000,0.000000,118095.000000,6,1,0,538611.000000,561480.000000,0.000000,88977.000000,3,0,0,0.000000,0.000000,0.000000,118228.000000,7,0,0,0.000000,0.000000,0.000000,80830.000000,8,0,0,0.000000,0.000000,0.000000,79076.000000,0,0,0,0.000000,0.000000,0.000000,58621.000000,5,0,0,0.000000,0.000000,0.000000,16339.000000,3,0,0,0.000000,0.000000,0.000000,24445.000000,1,0,0,0.000000,0.000000,0.000000,29068.000000,3,0,0,0.000000,0.000000,0.000000,27487.000000
65,609374.000000,645189.907692,0.000000,1,6,1,0,656706.000000,679575.000000,0.000000,100800.000000,5,1,0,542506.000000,578775.000000,0.000000,108300.000000,10,1,0,419234.000000,470475.000000,0.000000,58300.000000,6,1,0,385796.000000,412175.000000,0.000000,77819.000000,6,1,0,299538.000000,326037.000000,0.000000,71513.000000,10,0,0,0.000000,0.000000,0.000000,90256.000000,7,0,0,0.000000,0.000000,0.000000,17698.000000,0,0,0,0.000000,0.000000,0.000000,22820.000000,5,0,0,0.000000,0.000000,0.000000,50584.000000,9,0,0,0.000000,0.000000,0.000000,11284.000000
66,651148.000000,645280.181818,0.000000,1,1,1,0,672567.000000,679575.000000,0.000000,92733.000000,0,0,0,0.000000,0.000000,0.000000,41349.000000,10,1,0,494252.000000,545493.000000,0.000000,112336.000000,4,1,0,415244.000000,433157.000000,0.000000,57375.000000,6,0,0,0.000000,0.000000,0.000000,151599.000000,8,0,0,0.000000,0.000000,0.000000,65278.000000,9,0,0,0.000000,0.000000,0.000000,39962.000000,10,0,0,0.000000,0.000000,0.000000,21040.000000,4,0,0,0.000000,0.000000,0.000000,37733.000000,9,0,0,0.000000,0.000000,0.000000,31743.000000
67,644306.000000,645265.641791,0.000000,1,0,0,0,0.000000,0.000000,0.000000,54469.000000,5,1,0,588837.000000,625106.000000,0.000000,91580.000000,10,1,0,482285.000000,533526.000000,0.000000,125473.000000,4,1,0,383964.000000,408053.000000,0.000000,84853.000000,9,0,0,0.000000,0.000000,0.000000,111953.000000,0,0,0,0.000000,0.000000,0.000000,70676.000000,10,0,0,0.000000,0.000000,0.000000,40401.000000,6,0,0,0.000000,0.000000,0.000000,12343.000000,7,0,0,0.000000,0.000000,0.000000,39457.000000,2,0,0,0.000000,0.000000,0.000000,13101.000000
68,650177.000000,645337.867647,0.000000,1,3,1,0,643256.000000,679575.000000,0.000000,143058.000000,8,1,0,519187.000000,536517.000000,0.000000,148250.000000,7,0,0,0.000000,0.000000,0.000000,103150.000000,5,0,0,0.000000,0.000000,0.000000,83907.000000,1,1,0,194174.000000,201210.000000,0.000000,68335.000000,4,0,0,0.000000,0.000000,0.000000,42701.000000,2,0,0,0.000000,0.000000,0.000000,25328.000000,3,0,0,0.000000,0.000000,0.000000,25265.000000,8,0,0,0.000000,0.000000,0.000000,5512.000000,2,0,0,0.000000,0.000000,0.000000,4671.000000
69,672579.000000,645732.666667,0.000000,1,7,1,0,658990.000000,679575.000000,0.000000,80145.000000,3,1,0,563111.000000,599430.000000,0.000000,80955.000000,9,1,0,488628.000000,518475.000000,0.000000,130428.000000,0,0,0,0.000000,0.000000,0.000000,124499.000000,4,0,0,0.000000,0.000000,0.000000,99745.000000,3,0,0,0.000000,0.000000,0.000000,52795.000000,8,0,0,0.000000,0.000000,0.000000,45069.000000,0,0,0,0.000000,0.000000,0.000000,8921.000000,2,0,0,0.000000,0.000000,0.000000,36665.000000,7,0,0,0.000000,0.000000,0.000000,13357.000000
70,660485.000000,645943.414286,0.000000,1,8,1,0,662245.000000,679575.000000,0.000000,93121.000000,6,1,0,563585.000000,586454.000000,0.000000,102558.000000,10,1,0,432655.000000,483896.000000,0.000000,75870.000000,9,0,0,0.000000,0.000000,0.000000,106316.000000,3,0,0,0.000000,0.000000,0.000000,65604.000000,7,0,0,0.000000,0.000000,0.000000,62777.000000,0,0,0,0.000000,0.000000,0.000000,40784.000000,9,0,0,0.000000,0.000000,0.000000,33188.000000,0,0,0,0.000000,0.000000,0.000000,39623.000000,1,0,0,0.000000,0.000000,0.000000,40644.000000
71,653259.000000,646046.450704,0.000000,1,6,1,0,656706.000000,679575.000000,0.000000,121338.000000,8,1,0,539367.000000,558237.000000,0.000000,178326.000000,0,0,0,0.000000,0.000000,0.000000,78840.000000,1,1,0,294063.000000,301071.000000,0.000000,52221.000000,0,0,0,0.000000,0.000000,0.000000,105299.000000,2,0,0,0.000000,0.000000,0.000000,30616.000000,7,0,0,0.000000,0.000000,0.000000,58539.000000,2,0,0,0.000000,0.000000,0.000000,21450.000000,4,0,0,0.000000,0.000000,0.000000,4806.000000,0,0,0,0.000000,0.000000,0.000000,1824.000000
72,659065.000000,646227.263889,0.000000,1,5,1,0,643306.000000,679575.000000,0.000000,80710.000000,7,1,0,578280.000000,598865.000000,0.000000,152475.000000,1,1,0,439382.000000,446390.000000,0.000000,89516.000000,6,0,0,0.000000,0.000000,0.000000,89551.000000,3,0,0,0.000000,0.000000,0.000000,43101.000000,1,1,0,211572.000000,218580.000000,0.000000,48885.000000,5,0,0,0.000000,0.000000,0.000000,68961.000000,7,0,0,0.000000,0.000000,0.000000,42340.000000,0,0,0,0.000000,0.000000,0.000000,27826.000000,0,0,0,0.000000,0.000000,0.000000,15700.000000
73,670075.000000,646553.945205,0.000000,1,3,1,0,643256.000000,679575.000000,0.000000,74913.000000,6,1,0,581793.000000,604662.000000,0.000000,109028.000000,4,1,0,477721.000000,495634.000000,0.000000,123584.000000,0,0,0,0.000000,0.000000,0.000000,87362.000000,7,1,0,263592.000000,284688.000000,0.000000,89342.000000,7,0,0,0.000000,0.000000,0.000000,80154.000000,0,0,0,0.000000,0.000000,0.000000,39632.000000,0,0,0,0.000000,0.000000,0.000000,36183.000000,0,0,0,0.000000,0.000000,0.000000,20115.000000,8,0,0,0.000000,0.000000,0.000000,9762.000000
74,655482.000000,646674.594595,0.000000,1,0,0,0,0.000000,0.000000,0.000000,71955.000000,8,1,0,590290.000000,607620.000000,0.000000,93810.000000,6,1,0,481162.000000,513810.000000,0.000000,126715.000000,8,1,0,361259.000000,387095.000000,0.000000,49019.000000,2,0,0,0.000000,0.000000,0.000000,97884.000000,8,0,0,0.000000,0.000000,0.000000,56108.000000,2,0,0,0.000000,0.000000,0.000000,56481.000000,9,0,0,0.000000,0.000000,0.000000,36890.000000,2,0,0,0.000000,0.000000,0.000000,54841.000000,5,0,0,0.000000,0.000000,0.000000,11779.000000
75,602474.000000,646085.253333,0.000000,1,4,1,0,661662.000000,679575.000000,0.000000,97668.000000,8,1,0,564577.000000,581907.000000,0.000000,123295.000000,7,1,0,433822.000000,458612.000000,0.000000,61450.000000,3,0,0,0.000000,0.000000,0.000000,66716.000000,8,1,0,310439.000000,327769.000000,0.000000,63829.000000,6,0,0,0.000000,0.000000,0.000000,43743.000000,5,0,0,0.000000,0.000000,0.000000,26317.000000,1,0,0,0.000000,0.000000,0.000000,39029.000000,0,0,0,0.000000,0.000000,0.000000,41957.000000,10,0,0,0.000000,0.000000,0.000000,38470.000000
76,655107.000000,646203.960526,0.000000,1,8,1,0,662245.000000,679575.000000,0.000000,155054.000000,10,1,0,473280.000000,524521.000000,0.000000,156999.000000,1,1,0,357427.000000,367522.000000,0.000000,116967.000000,10,0,0,0.000000,0.000000,0.000000,55445.000000,5,0,0,0.000000,0.000000,0.000000,62131.000000,4,0,0,0.000000,0.000000,0.000000,50686.000000,9,0,0,0.000000,0.000000,0.000000,19136.000000,0,0,0,0.000000,0.000000,0.000000,17291.000000,5,0,0,0.000000,0.000000,0.000000,18749.000000,10,0,0,0.000000,0.000000,0.000000,2649.000000
77,671651.000000,646534.441558,0.000000,1,9,1,0,650483.000000,679575.000000,0.000000,100888.000000,6,1,0,555818.000000,578687.000000,0.000000,55445.000000,7,1,0,502657.000000,523242.000000,0.000000,106808.000000,7,1,0,390111.000000,416434.000000,0.000000,99042.000000,10,0,0,0.000000,0.000000,0.000000,88960.000000,1,1,0,215036.000000,225611.000000,0.000000,86655.000000,1,0,0,0.000000,0.000000,0.000000,58732.000000,7,0,0,0.000000,0.000000,0.000000,25749.000000,6,0,0,0.000000,0.000000,0.000000,35255.000000,0,0,0,0.000000,0.000000,0.000000,14117.000000
78,584132.000000,645734.410256,0.000000,1,6,1,0,656706.000000,679575.000000,0.000000,56917.000000,6,1,0,599789.000000,622658.000000,0.000000,55739.000000,0,0,0,0.000000,0.000000,0.000000,121163.000000,10,0,0,0.000000,0.000000,0.000000,100679.000000,5,0,0,0.000000,0.000000,0.000000,59317.000000,6,0,0,0.000000,0.000000,0.000000,65065.000000,3,0,0,0.000000,0.000000,0.000000,52036.000000,0,0,0,0.000000,0.000000,0.000000,21936.000000,4,0,0,0.000000,0.000000,0.000000,35239.000000,0,0,0,0.000000,0.000000,0.000000,16041.000000
79,668979.000000,646028.645570,0.000000,1,0,0,0,0.000000,0.000000,0.000000,81752.000000,0,0,0,0.000000,0.000000,0.000000,74226.000000,4,1,0,505684.000000,523597.000000,0.000000,122443.000000,1,1,0,394146.000000,401154.000000,0.000000,151054.000000,1,0,0,0.000000,0.000000,0.000000,48688.000000,8,0,0,0.000000,0.000000,0.000000,63124.000000,4,0,0,0.000000,0.000000,0.000000,37768.000000,5,0,0,0.000000,0.000000,0.000000,37706.000000,9,0,0,0.000000,0.000000,0.000000,28125.000000,10,0,0,0.000000,0.000000,0.000000,24093.000000
80,679575.000000,646447.975000,0.000000,2,6,1,0,656706.000000,679575.000000,0.000000,123202.000000,5,1,0,520104.000000,556373.000000,0.000000,72668.000000,4,1,0,465792.000000,483705.000000,0.000000,92945.000000,8,1,0,373430.000000,390760.000000,0.000000,118875.000000,4,1,0,253972.000000,271885.000000,0.000000,84861.000000,0,0,0,0.000000,0.000000,0.000000,105145.000000,8,0,0,0.000000,0.000000,0.000000,53973.000000,10,0,0,0.000000,0.000000,0.000000,19875.000000,5,0,0,0.000000,0.000000,0.000000,8031.000000,0,0,0,0.000000,0.000000,0.000000,0.000000
81,674103.000000,646789.395062,0.000000,1,7,1,0,658990.000000,679575.000000,0.000000,144963.000000,9,1,0,505520.000000,534612.000000,0.000000,80008.000000,0,0,0,0.000000,0.000000,0.000000,126278.000000,0,0,0,0.000000,0.000000,0.000000,115050.000000,5,0,0,0.000000,0.000000,0.000000,60125.000000,10,0,0,0.000000,0.000000,0.000000,49384.000000,0,0,0,0.000000,0.000000,0.000000,42890.000000,8,0,0,0.000000,0.000000,0.000000,21623.000000,1,0,0,0.000000,0.000000,0.000000,13262.000000,1,0,0,0.000000,0.000000,0.000000,20520.000000
82,638079.000000,646683.170732,0.000000,1,2,1,0,620604.000000,679575.000000,0.000000,77329.000000,10,1,0,551005.000000,602246.000000,0.000000,111343.000000,0,0,0,0.000000,0.000000,0.000000,120452.000000,6,1,0,342902.000000,370451.000000,0.000000,55600.000000,0,0,0,0.000000,0.000000,0.000000,102351.000000,3,0,0,0.000000,0.000000,0.000000,44581.000000,10,0,0,0.000000,0.000000,0.000000,27831.000000,4,0,0,0.000000,0.000000,0.000000,34503.000000,8,0,0,0.000000,0.000000,0.000000,54589.000000,6,0,0,0.000000,0.000000,0.000000,9500.000000
83,653949.000000,646770.710843,0.000000,1,1,1,0,672567.000000,679575.000000,0.000000,80326.000000,9,1,0,570157.000000,599249.000000,0.000000,107673.000000,6,1,0,468707.000000,491576.000000,0.000000,61395.000000,2,1,0,366350.000000,430181.000000,0.000000,119277.000000,0,0,0,0.000000,0.000000,0.000000,71325.000000,1,1,0,229894.000000,236930.000000,0.000000,37347.000000,0,0,0,0.000000,0.000000,0.000000,50557.000000,1,0,0,0.000000,0.000000,0.000000,85372.000000,2,0,0,0.000000,0.000000,0.000000,20883.000000,4,0,0,0.000000,0.000000,0.000000,19794.000000
84,667526.000000,647017.797619,0.000000,1,8,1,0,662245.000000,679575.000000,0.000000,70728.000000,9,1,0,579755.000000,608847.000000,0.000000,51055.000000,2,1,0,494969.000000,557792.000000,0.000000,69608.000000,10,1,0,434066.000000,488184.000000,0.000000,134844.000000,8,0,0,0.000000,0.000000,0.000000,126118.000000,7,0,0,0.000000,0.000000,0.000000,52464.000000,8,0,0,0.000000,0.000000,0.000000,63188.000000,5,0,0,0.000000,0.000000,0.000000,12391.000000,2,0,0,0.000000,0.000000,0.000000,37252.000000,5,0,0,0.000000,0.000000,0.000000,49878.000000
85,679575.000000,647400.823529,0.000000,2,9,1,0,650483.000000,679575.000000,0.000000,94490.000000,7,1,0,564500.000000,585085.000000,0.000000,110029.000000,2,1,0,414801.000000,475056.000000,0.000000,153189.000000,5,1,0,281136.000000,321867.000000,0.000000,74914.000000,2,0,0,0.000000,0.000000,0.000000,90439.000000,6,0,0,0.000000,0.000000,0.000000,66374.000000,2,0,0,0.000000,0.000000,0.000000,68766.000000,3,0,0,0.000000,0.000000,0.000000,12673.000000,9,0,0,0.000000,0.000000,0.000000,8701.000000,0,0,0,0.000000,0.000000,0.000000,0.000000
86,583958.000000,646663.116279,0.000000,1,3,1,0,643256.000000,679575.000000,0.000000,65689.000000,0,0,0,0.000000,0.000000,0.000000,55137.000000,7,1,0,530973.000000,558749.000000,0.000000,79165.000000,0,0,0,0.000000,0.000000,0.000000,41396.000000,6,1,0,394685.000000,430560.000000,0.000000,92089.000000,7,0,0,0.000000,0.000000,0.000000,68027.000000,1,1,0,250036.000000,257387.000000,0.000000,57989.000000,4,1,0,176515.000000,180920.000000,0.000000,45227.000000,5,0,0,0.000000,0.000000,0.000000,17566.000000,1,0,0,0.000000,0.000000,0.000000,61673.000000
87,649628.000000,646697.195402,0.000000,1,0,0,0,0.000000,0.000000,0.000000,60210.000000,6,1,0,596496.000000,619365.000000,0.000000,115875.000000,1,1,0,496482.000000,503490.000000,0.000000,111392.000000,0,0,0,0.000000,0.000000,0.000000,80930.000000,4,0,0,0.000000,0.000000,0.000000,66267.000000,4,0,0,0.000000,0.000000,0.000000,81021.000000,4,0,0,0.000000,0.000000,0.000000,48550.000000,6,0,0,0.000000,0.000000,0.000000,25349.000000,10,0,0,0.000000,0.000000,0.000000,45365.000000,9,0,0,0.000000,0.000000,0.000000,14669.000000
88,625817.000000,646459.920455,0.000000,1,8,1,0,662245.000000,679575.000000,0.000000,88010.000000,9,1,0,562473.000000,591565.000000,0.000000,85918.000000,5,1,0,469378.000000,505647.000000,0.000000,80437.000000,2,1,0,359819.000000,425210.000000,0.000000,101804.000000,2,0,0,0.000000,0.000000,0.000000,105719.000000,5,0,0,0.000000,0.000000,0.000000,14807.000000,8,0,0,0.000000,0.000000,0.000000,31927.000000,0,0,0,0.000000,0.000000,0.000000,81247.000000,6,0,0,0.000000,0.000000,0.000000,16743.000000,0,0,0,0.000000,0.000000,0.000000,19205.000000
89,665628.000000,646675.292135,0.000000,1,7,1,0,658990.000000,679575.000000,0.000000,75695.000000,5,1,0,567611.000000,603880.000000,0.000000,78479.000000,5,1,0,489132.000000,525401.000000,0.000000,90135.000000,0,0,0,0.000000,0.000000,0.000000,95850.000000,4,1,0,321503.000000,339416.000000,0.000000,88160.000000,3,0,0,0.000000,0.000000,0.000000,100857.000000,8,0,0,0.000000,0.000000,0.000000,68301.000000,7,0,0,0.000000,0.000000,0.000000,38111.000000,8,0,0,0.000000,0.000000,0.000000,14482.000000,2,0,0,0.000000,0.000000,0.000000,15558.000000
90,636803.000000,646565.600000,0.000000,1,8,1,0,662245.000000,679575.000000,0.000000,124024.000000,9,1,0,523439.000000,555551.000000,0.000000,72319.000000,5,1,0,442543.000000,483232.000000,0.000000,71996.000000,10,0,0,0.000000,0.000000,0.000000,80968.000000,6,0,0,0.000000,0.000000,0.000000,88709.000000,3,0,0,0.000000,0.000000,0.000000,41119.000000,0,0,0,0.000000,0.000000,0.000000,48671.000000,2,0,0,0.000000,0.000000,0.000000,58872.000000,0,0,0,0.000000,0.000000,0.000000,27703.000000,0,0,0,0.000000,0.000000,0.000000,22422.000000
91,654186.000000,646649.340659,0.000000,1,6,1,0,656706.000000,679575.000000,0.000000,94063.000000,7,1,0,564927.000000,585512.000000,0.000000,94963.000000,3,1,0,454230.000000,490549.000000,0.000000,61952.000000,9,1,0,399505.000000,428597.000000,0.000000,117387.000000,3,0,0,0.000000,0.000000,0.000000,48708.000000,0,0,0,0.000000,0.000000,0.000000,108789.000000,7,0,0,0.000000,0.000000,0.000000,33442.000000,4,0,0,0.000000,0.000000,0.000000,51353.000000,6,0,0,0.000000,0.000000,0.000000,27875.000000,2,0,0,0.000000,0.000000,0.000000,15654.000000
92,639882.000000,646575.782609,0.000000,1,0,0,0,0.000000,0.000000,0.000000,98894.000000,5,1,0,544412.000000,580681.000000,0.000000,69957.000000,6,1,0,487855.000000,510724.000000,0.000000,93441.000000,4,1,0,399370.000000,417283.000000,0.000000,80375.000000,0,0,0,0.000000,0.000000,0.000000,78286.000000,1,1,0,251572.000000,258622.000000,0.000000,27162.000000,0,0,0,0.000000,0.000000,0.000000,35206.000000,0,0,0,0.000000,0.000000,0.000000,50703.000000,1,1,1,101697.000000,88956.000000,19879.000000,62417.000000,2,0,0,0.000000,0.000000,0.000000,23562.000000
93,659557.000000,646715.365591,0.000000,1,0,0,0,0.000000,0.000000,0.000000,184990.000000,7,0,0,0.000000,0.000000,0.000000,116393.000000,2,0,0,0.000000,0.000000,0.000000,94689.000000,8,0,0,0.000000,0.000000,0.000000,63856.000000,10,0,0,0.000000,0.000000,0.000000,38563.000000,0,0,0,0.000000,0.000000,0.000000,45246.000000,7,0,0,0.000000,0.000000,0.000000,40024.000000,0,0,0,0.000000,0.000000,0.000000,7923.000000,0,0,0,0.000000,0.000000,0.000000,37159.000000,4,0,0,0.000000,0.000000,0.000000,30714.000000
94,607373.000000,646296.829787,0.000000,1,8,1,0,662245.000000,679575.000000,0.000000,108991.000000,9,1,0,539982.000000,570584.000000,0.000000,93292.000000,0,0,0,0.000000,0.000000,0.000000,71636.000000,5,1,0,357232.000000,405656.000000,0.000000,67577.000000,6,1,0,308796.000000,335601.000000,0.000000,49975.000000,3,1,0,241119.000000,278946.000000,0.000000,57485.000000,0,0,0,0.000000,0.000000,0.000000,36094.000000,2,0,0,0.000000,0.000000,0.000000,45098.000000,0,0,0,0.000000,0.000000,0.000000,34265.000000,10,0,0,0.000000,0.000000,0.000000,42960.000000
95,650482.000000,646340.884211,0.000000,1,7,1,0,658990.000000,679575.000000,0.000000,140847.000000,7,1,0,512522.000000,538728.000000,0.000000,92555.000000,3,0,0,0.000000,0.000000,0.000000,95738.000000,0,0,0,0.000000,0.000000,0.000000,72762.000000,7,0,0,0.000000,0.000000,0.000000,64193.000000,6,0,0,0.000000,0.000000,0.000000,42737.000000,7,0,0,0.000000,0.000000,0.000000,28144.000000,0,0,0,0.000000,0.000000,0.000000,67701.000000,5,0,0,0.000000,0.000000,0.000000,22688.000000,0,0,0,0.000000,0.000000,0.000000,23117.000000
96,674734.000000,646636.645833,0.000000,1,3,1,0,643256.000000,679575.000000,0.000000,118262.000000,7,1,0,539195.000000,561313.000000,0.000000,114795.000000,5,1,0,387939.000000,446518.000000,0.000000,121310.000000,1,1,0,318200.000000,325208.000000,0.000000,66958.000000,6,0,0,0.000000,0.000000,0.000000,108502.000000,0,0,0,0.000000,0.000000,0.000000,27512.000000,0,0,0,0.000000,0.000000,0.000000,32841.000000,2,0,0,0.000000,0.000000,0.000000,27858.000000,8,0,0,0.000000,0.000000,0.000000,17767.000000,6,0,0,0.000000,0.000000,0.000000,38929.000000
97,646303.000000,646633.206186,0.000000,1,0,0,0,0.000000,0.000000,0.000000,87105.000000,0,0,0,0.000000,0.000000,0.000000,151811.000000,4,1,0,422746.000000,440659.000000,0.000000,114688.000000,8,1,0,308641.000000,325971.000000,0.000000,56746.000000,2,0,0,0.000000,0.000000,0.000000,42333.000000,7,0,0,0.000000,0.000000,0.000000,38736.000000,7,0,0,0.000000,0.000000,0.000000,65187.000000,4,0,0,0.000000,0.000000,0.000000,27091.000000,5,0,0,0.000000,0.000000,0.000000,38329.000000,10,0,0,0.000000,0.000000,0.000000,24277.000000
98,674985.000000,646922.510204,0.000000,1,0,0,0,0.000000,0.000000,0.000000,58340.000000,9,1,0,592143.000000,621235.000000,0.000000,89601.000000,1,1,0,524626.000000,531634.000000,0.000000,97872.000000,9,1,0,404245.000000,433762.000000,0.000000,114432.000000,7,0,0,0.000000,0.000000,0.000000,72929.000000,4,0,0,0.000000,0.000000,0.000000,70158.000000,1,1,0,159224.000000,169703.000000,0.000000,27197.000000,0,0,0,0.000000,0.000000,0.000000,59572.000000,6,0,0,0.000000,0.000000,0.000000,50140.000000,1,0,0,0.000000,0.000000,0.000000,34744.000000
99,637136.000000,646823.656566,0.000000,1,3,1,0,643256.000000,679575.000000,0.000000,42511.000000,5,1,0,600795.000000,637064.000000,0.000000,134730.000000,0,0,0,0.000000,0.000000,0.000000,82741.000000,10,0,0,0.000000,0.000000,0.000000,115570.000000,7,1,0,281394.000000,304023.000000,0.000000,63055.000000,1,1,0,229925.000000,240968.000000,0.000000,46251.000000,5,0,0,0.000000,0.000000,0.000000,34842.000000,5,0,0,0.000000,0.000000,0.000000,59804.000000,0,0,0,0.000000,0.000000,0.000000,41235.000000,1,0,0,0.000000,0.000000,0.000000,16397.000000
100,643142.000000,646786.840000,0.000000,1,7,1,0,658990.000000,679575.000000,0.000000,104170.000000,6,1,0,552536.000000,575405.000000,0.000000,83209.000000,6,1,0,469327.000000,492196.000000,0.000000,96956.000000,7,1,0,374655.000000,395240.000000,0.000000,128889.000000,8,1,0,245471.000000,266351.000000,0.000000,99114.000000,2,0,0,0.000000,0.000000,0.000000,53829.000000,10,0,0,0.000000,0.000000,0.000000,45967.000000,2,0,0,0.000000,0.000000,0.000000,20251.000000,9,0,0,0.000000,0.000000,0.000000,6530.000000,8,0,0,0.000000,0.000000,0.000000,4227.000000
101,651456.000000,646833.069307,0.000000,1,7,1,0,658990.000000,679575.000000,0.000000,103527.000000,8,1,0,558718.000000,576048.000000,0.000000,104066.000000,0,0,0,0.000000,0.000000,0.000000,109371.000000,2,0,0,0.000000,0.000000,0.000000,63417.000000,1,1,0,285917.000000,292925.000000,0.000000,54333.000000,6,0,0,0.000000,0.000000,0.000000,120193.000000,2,0,0,0.000000,0.000000,0.000000,10693.000000,3,0,0,0.000000,0.000000,0.000000,13048.000000,3,0,0,0.000000,0.000000,0.000000,29799.000000,0,0,0,0.000000,0.000000,0.000000,43009.000000
102,643023.000000,646795.715686,0.000000,1,10,1,0,628334.000000,679575.000000,0.000000,80649.000000,8,1,0,579286.000000,598926.000000,0.000000,166967.000000,0,0,0,0.000000,0.000000,0.000000,87014.000000,4,1,0,323032.000000,344945.000000,0.000000,79057.000000,5,0,0,0.000000,0.000000,0.000000,73993.000000,7,0,0,0.000000,0.000000,0.000000,67644.000000,2,0,0,0.000000,0.000000,0.000000,31075.000000,1,0,0,0.000000,0.000000,0.000000,25916.000000,4,0,0,0.000000,0.000000,0.000000,14476.000000,0,0,0,0.000000,0.000000,0.000000,16232.000000
103,644668.000000,646775.058252,0.000000,1,0,0,0,0.000000,0.000000,0.000000,64927.000000,5,1,0,575064.000000,614648.000000,0.000000,99951.000000,0,0,0,0.000000,0.000000,0.000000,81725.000000,8,1,0,415642.000000,432972.000000,0.000000,64637.000000,5,0,0,0.000000,0.000000,0.000000,66642.000000,7,0,0,0.000000,0.000000,0.000000,72051.000000,8,0,0,0.000000,0.000000,0.000000,110884.000000,0,0,0,0.000000,0.000000,0.000000,54148.000000,7,0,0,0.000000,0.000000,0.000000,22037.000000,5,0,0,0.000000,0.000000,0.000000,7666.000000
104,641695.000000,646726.211538,0.000000,1,3,1,0,643256.000000,679575.000000,0.000000,91202.000000,0,0,0,0.000000,0.000000,0.000000,137011.000000,6,1,0,427323.000000,451362.000000,0.000000,101560.000000,8,1,0,330342.000000,349802.000000,0.000000,109053.000000,0,0,0,0.000000,0.000000,0.000000,62816.000000,10,0,0,0.000000,0.000000,0.000000,65357.000000,8,0,0,0.000000,0.000000,0.000000,42714.000000,8,0,0,0.000000,0.000000,0.000000,9492.000000,5,0,0,0.000000,0.000000,0.000000,13472.000000,0,0,0,0.000000,0.000000,0.000000,9018.000000
105,650581.000000,646762.923810,0.000000,1,5,1,0,643306.000000,679575.000000,0.000000,103720.000000,8,1,0,558525.000000,575855.000000,0.000000,87370.000000,9,1,0,459393.000000,488485.000000,0.000000,97626.000000,1,1,0,382822.000000,390859.000000,0.000000,86450.000000,6,0,0,0.000000,0.000000,0.000000,106211.000000,0,0,0,0.000000,0.000000,0.000000,64088.000000,5,0,0,0.000000,0.000000,0.000000,52645.000000,0,0,0,0.000000,0.000000,0.000000,35020.000000,0,0,0,0.000000,0.000000,0.000000,13651.000000,0,0,0,0.000000,0.000000,0.000000,3800.000000
106,663909.000000,646924.679245,0.000000,1,5,1,0,643306.000000,679575.000000,0.000000,72685.000000,2,1,0,547919.000000,606890.000000,0.000000,111428.000000,5,1,0,459193.000000,495462.000000,0.000000,149784.000000,0,0,0,0.000000,0.000000,0.000000,80792.000000,4,0,0,0.000000,0.000000,0.000000,73613.000000,9,0,0,0.000000,0.000000,0.000000,80995.000000,6,0,0,0.000000,0.000000,0.000000,47283.000000,6,0,0,0.000000,0.000000,0.000000,25512.000000,10,0,0,0.000000,0.000000,0.000000,11678.000000,6,0,0,0.000000,0.000000,0.000000,10139.000000
107,626208.000000,646731.065421,0.000000,1,3,1,0,643256.000000,679575.000000,0.000000,59091.000000,9,1,0,591392.000000,620484.000000,0.000000,126217.000000,4,1,0,476354.000000,494267.000000,0.000000,88774.000000,2,0,0,0.000000,0.000000,0.000000,79580.000000,2,0,0,0.000000,0.000000,0.000000,93628.000000,9,0,0,0.000000,0.000000,0.000000,46904.000000,10,0,0,0.000000,0.000000,0.000000,48716.000000,4,0,0,0.000000,0.000000,0.000000,47462.000000,0,0,0,0.000000,0.000000,0.000000,28859.000000,0,0,0,0.000000,0.000000,0.000000,6977.000000
108,653173.000000,646790.712963,0.000000,1,4,1,0,661662.000000,679575.000000,0.000000,108481.000000,6,1,0,548225.000000,571094.000000,0.000000,108633.000000,4,1,0,444548.000000,462461.000000,0.000000,65357.000000,9,0,0,0.000000,0.000000,0.000000,104933.000000,0,0,0,0.000000,0.000000,0.000000,54238.000000,0,0,0,0.000000,0.000000,0.000000,99593.000000,0,0,0,0.000000,0.000000,0.000000,35201.000000,0,0,0,0.000000,0.000000,0.000000,13061.000000,7,0,0,0.000000,0.000000,0.000000,37948.000000,6,0,0,0.000000,0.000000,0.000000,25728.000000
109,671628.000000,647018.577982,0.000000,1,2,1,0,620604.000000,679575.000000,0.000000,148011.000000,3,1,0,495245.000000,531564.000000,0.000000,125514.000000,0,0,0,0.000000,0.000000,0.000000,77170.000000,5,0,0,0.000000,0.000000,0.000000,58316.000000,10,0,0,0.000000,0.000000,0.000000,46717.000000,3,0,0,0.000000,0.000000,0.000000,61550.000000,4,0,0,0.000000,0.000000,0.000000,54827.000000,9,0,0,0.000000,0.000000,0.000000,28829.000000,1,0,0,0.000000,0.000000,0.000000,44603.000000,5,0,0,0.000000,0.000000,0.000000,26091.000000
110,609477.000000,646677.290909,0.000000,1,2,1,0,620604.000000,679575.000000,0.000000,72545.000000,5,1,0,570761.000000,607030.000000,0.000000,47983.000000,10,1,0,506847.000000,559047.000000,0.000000,77485.000000,0,0,0,0.000000,0.000000,0.000000,56342.000000,0,0,0,0.000000,0.000000,0.000000,90289.000000,7,0,0,0.000000,0.000000,0.000000,61464.000000,6,0,0,0.000000,0.000000,0.000000,91488.000000,1,0,0,0.000000,0.000000,0.000000,30610.000000,3,0,0,0.000000,0.000000,0.000000,32497.000000,9,0,0,0.000000,0.000000,0.000000,48774.000000
111,657079.000000,646771.000000,0.000000,1,4,1,0,661662.000000,679575.000000,0.000000,97747.000000,10,1,0,530587.000000,581828.000000,0.000000,122299.000000,5,0,0,0.000000,0.000000,0.000000,148606.000000,3,0,0,0.000000,0.000000,0.000000,59824.000000,2,0,0,0.000000,0.000000,0.000000,56151.000000,0,0,0,0.000000,0.000000,0.000000,44081.000000,9,0,0,0.000000,0.000000,0.000000,31650.000000,5,0,0,0.000000,0.000000,0.000000,26288.000000,9,0,0,0.000000,0.000000,0.000000,44649.000000,7,0,0,0.000000,0.000000,0.000000,25784.000000
112,675599.000000,647028.392857,0.000000,1,8,1,0,662245.000000,679575.000000,0.000000,99615.000000,0,0,0,0.000000,0.000000,0.000000,90670.000000,1,1,0,482282.000000,489290.000000,0.000000,60857.000000,4,0,0,0.000000,0.000000,0.000000,65331.000000,6,0,0,0.000000,0.000000,0.000000,80518.000000,2,0,0,0.000000,0.000000,0.000000,129101.000000,3,0,0,0.000000,0.000000,0.000000,74513.000000,0,0,0,0.000000,0.000000,0.000000,25199.000000,6,0,0,0.000000,0.000000,0.000000,38699.000000,0,0,0,0.000000,0.000000,0.000000,11096.000000
113,671614.000000,647245.964602,0.000000,1,2,1,0,620604.000000,679575.000000,0.000000,107560.000000,2,1,0,513044.000000,572015.000000,0.000000,67207.000000,4,1,0,486895.000000,504808.000000,0.000000,81485.000000,0,0,0,0.000000,0.000000,0.000000,104289.000000,2,0,0,0.000000,0.000000,0.000000,33634.000000,5,0,0,0.000000,0.000000,0.000000,86167.000000,0,0,0,0.000000,0.000000,0.000000,48183.000000,7,0,0,0.000000,0.000000,0.000000,42106.000000,10,0,0,0.000000,0.000000,0.000000,71865.000000,9,0,0,0.000000,0.000000,0.000000,29118.000000
114,665538.000000,647406.421053,0.000000,1,3,1,0,643256.000000,679575.000000,0.000000,92566.000000,0,0,0,0.000000,0.000000,0.000000,134008.000000,2,1,0,394030.000000,453001.000000,0.000000,101295.000000,0,0,0,0.000000,0.000000,0.000000,38697.000000,6,0,0,0.000000,0.000000,0.000000,75117.000000,6,0,0,0.000000,0.000000,0.000000,69146.000000,8,0,0,0.000000,0.000000,0.000000,53352.000000,4,0,0,0.000000,0.000000,0.000000,50708.000000,2,0,0,0.000000,0.000000,0.000000,29077.000000,7,0,0,0.000000,0.000000,0.000000,21572.000000
115,667709.000000,647582.965217,0.000000,1,2,1,0,620604.000000,679575.000000,0.000000,145634.000000,4,1,0,516028.000000,533941.000000,0.000000,114084.000000,1,1,0,412849.000000,419857.000000,0.000000,103974.000000,7,1,0,292743.000000,315883.000000,0.000000,70904.000000,5,0,0,0.000000,0.000000,0.000000,64966.000000,0,0,0,0.000000,0.000000,0.000000,56586.000000,6,0,0,0.000000,0.000000,0.000000,61301.000000,1,0,0,0.000000,0.000000,0.000000,17184.000000,4,0,0,0.000000,0.000000,0.000000,12399.000000,0,0,0,0.000000,0.000000,0.000000,20677.000000
116,632918.000000,647456.543103,0.000000,1,0,0,0,0.000000,0.000000,0.000000,90286.000000,0,0,0,0.000000,0.000000,0.000000,71621.000000,5,1,0,481399.000000,517668.000000,0.000000,77499.000000,4,1,0,422256.000000,440169.000000,0.000000,98125.000000,2,0,0,0.000000,0.000000,0.000000,76760.000000,10,0,0,0.000000,0.000000,0.000000,105442.000000,8,0,0,0.000000,0.000000,0.000000,91748.000000,2,0,0,0.000000,0.000000,0.000000,8920.000000,2,0,0,0.000000,0.000000,0.000000,10619.000000,5,0,0,0.000000,0.000000,0.000000,1898.000000
117,666816.000000,647622.008547,0.000000,1,0,0,0,0.000000,0.000000,0.000000,123247.000000,9,1,0,527236.000000,556328.000000,0.000000,73065.000000,5,1,0,446994.000000,483263.000000,0.000000,70050.000000,0,0,0,0.000000,0.000000,0.000000,50982.000000,3,0,0,0.000000,0.000000,0.000000,105344.000000,6,0,0,0.000000,0.000000,0.000000,85321.000000,10,0,0,0.000000,0.000000,0.000000,56908.000000,7,0,0,0.000000,0.000000,0.000000,46566.000000,0,0,0,0.000000,0.000000,0.000000,20065.000000,1,0,0,0.000000,0.000000,0.000000,35268.000000
118,663454.000000,647756.177966,0.000000,1,0,0,0,0.000000,0.000000,0.000000,113453.000000,2,1,0,501581.000000,566122.000000,0.000000,102702.000000,5,1,0,420661.000000,463420.000000,0.000000,89376.000000,8,1,0,356714.000000,374044.000000,0.000000,107004.000000,6,0,0,0.000000,0.000000,0.000000,62659.000000,1,0,0,0.000000,0.000000,0.000000,38952.000000,8,0,0,0.000000,0.000000,0.000000,45813.000000,10,0,0,0.000000,0.000000,0.000000,55966.000000,5,0,0,0.000000,0.000000,0.000000,13677.000000,0,0,0,0.000000,0.000000,0.000000,33852.000000
119,674328.000000,647979.470588,0.000000,1,1,1,0,672567.000000,679575.000000,0.000000,129405.000000,4,1,0,532257.000000,550170.000000,0.000000,95509.000000,5,1,0,414336.000000,454661.000000,0.000000,114032.000000,4,1,0,322716.000000,340629.000000,0.000000,65737.000000,0,0,0,0.000000,0.000000,0.000000,105694.000000,5,0,0,0.000000,0.000000,0.000000,42313.000000,10,0,0,0.000000,0.000000,0.000000,30650.000000,9,0,0,0.000000,0.000000,0.000000,38749.000000,0,0,0,0.000000,0.000000,0.000000,41393.000000,9,0,0,0.000000,0.000000,0.000000,10846.000000
120,664081.000000,648113.650000,0.000000,1,0,0,0,0.000000,0.000000,0.000000,63173.000000,0,0,0,0.000000,0.000000,0.000000,157949.000000,1,1,0,451445.000000,458453.000000,0.000000,71539.000000,2,0,0,0.000000,0.000000,0.000000,55434.000000,5,0,0,0.000000,0.000000,0.000000,58103.000000,2,0,0,0.000000,0.000000,0.000000,70529.000000,2,0,0,0.000000,0.000000,0.000000,49351.000000,8,0,0,0.000000,0.000000,0.000000,74523.000000,8,0,0,0.000000,0.000000,0.000000,33307.000000,8,0,0,0.000000,0.000000,0.000000,30173.000000
121,663570.000000,648241.388430,0.000000,1,1,1,0,672567.000000,679575.000000,0.000000,105657.000000,7,1,0,553333.000000,573918.000000,0.000000,80880.000000,7,1,0,472453.000000,493038.000000,0.000000,100064.000000,10,1,0,341733.000000,392974.000000,0.000000,108367.000000,1,1,0,274128.000000,284607.000000,0.000000,84622.000000,0,0,0,0.000000,0.000000,0.000000,43408.000000,10,0,0,0.000000,0.000000,0.000000,83542.000000,1,0,0,0.000000,0.000000,0.000000,35580.000000,8,0,0,0.000000,0.000000,0.000000,19550.000000,6,0,0,0.000000,0.000000,0.000000,1900.000000
122,657754.000000,648319.360656,0.000000,1,8,1,0,662245.000000,679575.000000,0.000000,104389.000000,7,1,0,554601.000000,575186.000000,0.000000,72552.000000,4,1,0,484721.000000,502634.000000,0.000000,100937.000000,5,0,0,0.000000,0.000000,0.000000,105533.000000,2,0,0,0.000000,0.000000,0.000000,42485.000000,9,0,0,0.000000,0.000000,0.000000,82524.000000,1,1,0,160292.000000,171155.000000,0.000000,53909.000000,8,0,0,0.000000,0.000000,0.000000,63763.000000,1,0,0,0.000000,0.000000,0.000000,22886.000000,6,0,0,0.000000,0.000000,0.000000,8776.000000
123,592449.000000,647865.130081,0.000000,1,1,1,0,672567.000000,679575.000000,0.000000,83410.000000,5,1,0,559896.000000,596165.000000,0.000000,94751.000000,2,1,0,437987.000000,501414.000000,0.000000,72562.000000,7,1,0,407123.000000,428852.000000,0.000000,55835.000000,3,0,0,0.000000,0.000000,0.000000,77856.000000,5,0,0,0.000000,0.000000,0.000000,74081.000000,5,0,0,0.000000,0.000000,0.000000,44948.000000,0,0,0,0.000000,0.000000,0.000000,29600.000000,2,0,0,0.000000,0.000000,0.000000,21821.000000,3,0,0,0.000000,0.000000,0.000000,37585.000000
124,595221.000000,647440.580645,0.000000,1,10,1,0,628334.000000,679575.000000,0.000000,106261.000000,6,1,0,550445.000000,573314.000000,0.000000,44349.000000,9,1,0,495343.000000,528965.000000,0.000000,124106.000000,0,0,0,0.000000,0.000000,0.000000,62547.000000,10,0,0,0.000000,0.000000,0.000000,100441.000000,0,0,0,0.000000,0.000000,0.000000,44900.000000,6,0,0,0.000000,0.000000,0.000000,24502.000000,0,0,0,0.000000,0.000000,0.000000,34282.000000,2,0,0,0.000000,0.000000,0.000000,52009.000000,2,0,0,0.000000,0.000000,0.000000,1824.000000
125,649263.000000,647455.160000,0.000000,1,8,1,0,662245.000000,679575.000000,0.000000,102617.000000,0,0,0,0.000000,0.000000,0.000000,109967.000000,0,0,0,0.000000,0.000000,0.000000,84832.000000,9,0,0,0.000000,0.000000,0.000000,83320.000000,6,0,0,0.000000,0.000000,0.000000,86868.000000,2,0,0,0.000000,0.000000,0.000000,62795.000000,4,0,0,0.000000,0.000000,0.000000,31132.000000,2,0,0,0.000000,0.000000,0.000000,16367.000000,0,0,0,0.000000,0.000000,0.000000,51104.000000,2,0,0,0.000000,0.000000,0.000000,20261.000000
126,654895.000000,647514.206349,0.000000,1,1,1,0,672567.000000,679575.000000,0.000000,74247.000000,4,1,0,587415.000000,605328.000000,0.000000,91807.000000,2,1,0,450094.000000,513521.000000,0.000000,98476.000000,4,1,0,397132.000000,415045.000000,0.000000,97150.000000,8,1,0,298435.000000,317895.000000,0.000000,101356.000000,1,0,0,0.000000,0.000000,0.000000,29029.000000,5,0,0,0.000000,0.000000,0.000000,35395.000000,2,0,0,0.000000,0.000000,0.000000,29599.000000,1,0,0,0.000000,0.000000,0.000000,71428.000000,0,0,0,0.000000,0.000000,0.000000,26408.000000
127,609493.000000,647214.826772,0.000000,1,9,1,0,650483.000000,679575.000000,0.000000,135450.000000,0,0,0,0.000000,0.000000,0.000000,115220.000000,9,1,0,397263.000000,428905.000000,0.000000,78939.000000,4,0,0,0.000000,0.000000,0.000000,103985.000000,5,0,0,0.000000,0.000000,0.000000,62807.000000,7,0,0,0.000000,0.000000,0.000000,34495.000000,6,0,0,0.000000,0.000000,0.000000,35550.000000,8,0,0,0.000000,0.000000,0.000000,9827.000000,0,0,0,0.000000,0.000000,0.000000,27578.000000,0,0,0,0.000000,0.000000,0.000000,5642.000000
128,635015.000000,647119.515625,0.000000,1,5,1,0,643306.000000,679575.000000,0.000000,109152.000000,3,1,0,534104.000000,570423.000000,0.000000,42796.000000,6,1,0,504758.000000,527627.000000,0.000000,85911.000000,0,0,0,0.000000,0.000000,0.000000,129963.000000,5,0,0,0.000000,0.000000,0.000000,69925.000000,5,0,0,0.000000,0.000000,0.000000,74967.000000,3,0,0,0.000000,0.000000,0.000000,73663.000000,1,0,0,0.000000,0.000000,0.000000,10946.000000,10,0,0,0.000000,0.000000,0.000000,23238.000000,8,0,0,0.000000,0.000000,0.000000,14454.000000
129,658383.000000,647206.829457,0.000000,1,1,1,0,672567.000000,679575.000000,0.000000,85374.000000,1,1,0,587193.000000,594201.000000,0.000000,120598.000000,6,1,0,439731.000000,473603.000000,0.000000,60031.000000,9,1,0,373410.000000,413572.000000,0.000000,78657.000000,4,1,0,303379.000000,326968.000000,0.000000,112288.000000,3,0,0,0.000000,0.000000,0.000000,68801.000000,0,0,0,0.000000,0.000000,0.000000,59764.000000,9,0,0,0.000000,0.000000,0.000000,27914.000000,2,0,0,0.000000,0.000000,0.000000,28890.000000,7,0,0,0.000000,0.000000,0.000000,16066.000000
130,647467.000000,647208.830769,0.000000,1,2,1,0,620604.000000,679575.000000,0.000000,54437.000000,0,0,0,0.000000,0.000000,0.000000,92809.000000,0,0,0,0.000000,0.000000,0.000000,77180.000000,0,0,0,0.000000,0.000000,0.000000,171753.000000,8,1,0,266066.000000,283396.000000,0.000000,45862.000000,0,0,0,0.000000,0.000000,0.000000,47626.000000,6,0,0,0.000000,0.000000,0.000000,58629.000000,5,0,0,0.000000,0.000000,0.000000,27395.000000,2,0,0,0.000000,0.000000,0.000000,47888.000000,9,0,0,0.000000,0.000000,0.000000,23888.000000
131,669275.000000,647377.274809,0.000000,1,2,1,0,620604.000000,679575.000000,0.000000,112213.000000,9,1,0,534495.000000,567362.000000,0.000000,57420.000000,0,0,0,0.000000,0.000000,0.000000,104083.000000,4,1,0,383646.000000,405859.000000,0.000000,81933.000000,6,0,0,0.000000,0.000000,0.000000,105533.000000,7,0,0,0.000000,0.000000,0.000000,60190.000000,8,0,0,0.000000,0.000000,0.000000,53998.000000,0,0,0,0.000000,0.000000,0.000000,49163.000000,7,0,0,0.000000,0.000000,0.000000,37246.000000,1,0,0,0.000000,0.000000,0.000000,7496.000000
132,647095.000000,647375.136364,0.000000,1,4,1,0,661662.000000,679575.000000,0.000000,99753.000000,10,1,0,528581.000000,579822.000000,0.000000,111290.000000,3,1,0,430673.000000,468532.000000,0.000000,89883.000000,8,1,0,349766.000000,378649.000000,0.000000,87112.000000,3,0,0,0.000000,0.000000,0.000000,95866.000000,5,0,0,0.000000,0.000000,0.000000,35295.000000,7,0,0,0.000000,0.000000,0.000000,54558.000000,10,0,0,0.000000,0.000000,0.000000,34235.000000,3,0,0,0.000000,0.000000,0.000000,27834.000000,6,0,0,0.000000,0.000000,0.000000,11269.000000
133,655793.000000,647438.428571,0.000000,1,3,1,0,643256.000000,679575.000000,0.000000,109494.000000,0,0,0,0.000000,0.000000,0.000000,99843.000000,0,0,0,0.000000,0.000000,0.000000,98846.000000,6,1,0,338249.000000,371392.000000,0.000000,33058.000000,5,0,0,0.000000,0.000000,0.000000,122247.000000,4,0,0,0.000000,0.000000,0.000000,79265.000000,6,0,0,0.000000,0.000000,0.000000,48675.000000,9,0,0,0.000000,0.000000,0.000000,48828.000000,0,0,0,0.000000,0.000000,0.000000,8643.000000,0,0,0,0.000000,0.000000,0.000000,6894.000000
134,560952.000000,646793.007463,0.000000,1,7,1,0,658990.000000,679575.000000,0.000000,43213.000000,7,1,0,615777.000000,636362.000000,0.000000,108469.000000,7,1,0,507308.000000,527893.000000,0.000000,58311.000000,8,1,0,452252.000000,469582.000000,0.000000,112567.000000,0,0,0,0.000000,0.000000,0.000000,56707.000000,4,1,0,268241.000000,284411.000000,0.000000,83392.000000,0,0,0,0.000000,0.000000,0.000000,48788.000000,0,0,0,0.000000,0.000000,0.000000,27073.000000,0,0,0,0.000000,0.000000,0.000000,10864.000000,0,0,0,0.000000,0.000000,0.000000,11568.000000
135,629074.000000,646661.755556,0.000000,1,1,1,0,672567.000000,679575.000000,0.000000,65238.000000,7,1,0,593752.000000,614337.000000,0.000000,138062.000000,7,1,0,454668.000000,476275.000000,0.000000,94498.000000,0,0,0,0.000000,0.000000,0.000000,88106.000000,0,0,0,0.000000,0.000000,0.000000,86013.000000,3,0,0,0.000000,0.000000,0.000000,37095.000000,6,0,0,0.000000,0.000000,0.000000,11377.000000,6,0,0,0.000000,0.000000,0.000000,52987.000000,3,0,0,0.000000,0.000000,0.000000,18432.000000,9,0,0,0.000000,0.000000,0.000000,37266.000000
136,636507.000000,646587.088235,0.000000,1,5,1,0,643306.000000,679575.000000,0.000000,106681.000000,9,1,0,543802.000000,572894.000000,0.000000,161602.000000,0,0,0,0.000000,0.000000,0.000000,87727.000000,1,0,0,0.000000,0.000000,0.000000,95721.000000,5,0,0,0.000000,0.000000,0.000000,36791.000000,3,0,0,0.000000,0.000000,0.000000,41720.000000,1,0,0,0.000000,0.000000,0.000000,41400.000000,8,0,0,0.000000,0.000000,0.000000,27691.000000,6,0,0,0.000000,0.000000,0.000000,30280.000000,0,0,0,0.000000,0.000000,0.000000,6894.000000
137,616700.000000,646368.934307,0.000000,1,0,0,0,0.000000,0.000000,0.000000,71904.000000,4,1,0,589758.000000,607671.000000,0.000000,109582.000000,6,1,0,463224.000000,498089.000000,0.000000,61548.000000,4,1,0,414628.000000,436541.000000,0.000000,65649.000000,3,0,0,0.000000,0.000000,0.000000,43723.000000,0,0,0,0.000000,0.000000,0.000000,70361.000000,0,0,0,0.000000,0.000000,0.000000,51120.000000,7,0,0,0.000000,0.000000,0.000000,73322.000000,9,0,0,0.000000,0.000000,0.000000,47661.000000,8,0,0,0.000000,0.000000,0.000000,21830.000000
138,646726.000000,646371.521739,0.000000,1,10,1,0,628334.000000,679575.000000,0.000000,123590.000000,3,1,0,519666.000000,555985.000000,0.000000,87417.000000,1,1,0,461560.000000,468568.000000,0.000000,61533.000000,9,1,0,374923.000000,407035.000000,0.000000,90603.000000,0,0,0,0.000000,0.000000,0.000000,86071.000000,0,0,0,0.000000,0.000000,0.000000,65645.000000,1,0,0,0.000000,0.000000,0.000000,64776.000000,0,0,0,0.000000,0.000000,0.000000,28953.000000,2,0,0,0.000000,0.000000,0.000000,29771.000000,5,0,0,0.000000,0.000000,0.000000,8367.000000
139,645003.000000,646361.676259,0.000000,1,0,0,0,0.000000,0.000000,0.000000,139945.000000,4,1,0,521717.000000,539630.000000,0.000000,72164.000000,1,1,0,460458.000000,467466.000000,0.000000,84123.000000,7,1,0,356115.000000,383343.000000,0.000000,103568.000000,7,0,0,0.000000,0.000000,0.000000,58203.000000,1,0,0,0.000000,0.000000,0.000000,63114.000000,4,0,0,0.000000,0.000000,0.000000,47920.000000,0,0,0,0.000000,0.000000,0.000000,44570.000000,9,0,0,0.000000,0.000000,0.000000,19337.000000,5,0,0,0.000000,0.000000,0.000000,12059.000000
140,666190.000000,646503.307143,0.000000,1,0,0,0,0.000000,0.000000,0.000000,67520.000000,1,1,0,605047.000000,612055.000000,0.000000,104919.000000,5,1,0,470867.000000,507136.000000,0.000000,89173.000000,10,1,0,363845.000000,417963.000000,0.000000,68604.000000,8,1,0,332029.000000,349359.000000,0.000000,88137.000000,8,1,0,240042.000000,261222.000000,0.000000,66489.000000,1,0,0,0.000000,0.000000,0.000000,90568.000000,6,0,0,0.000000,0.000000,0.000000,29100.000000,4,0,0,0.000000,0.000000,0.000000,34311.000000,0,0,0,0.000000,0.000000,0.000000,27369.000000
141,655587.000000,646567.730496,0.000000,1,3,1,0,643256.000000,679575.000000,0.000000,105170.000000,9,1,0,544558.000000,574405.000000,0.000000,101555.000000,0,0,0,0.000000,0.000000,0.000000,122989.000000,8,0,0,0.000000,0.000000,0.000000,58006.000000,8,0,0,0.000000,0.000000,0.000000,90785.000000,3,0,0,0.000000,0.000000,0.000000,66425.000000,3,0,0,0.000000,0.000000,0.000000,48072.000000,6,0,0,0.000000,0.000000,0.000000,29259.000000,4,0,0,0.000000,0.000000,0.000000,18372.000000,10,0,0,0.000000,0.000000,0.000000,14954.000000
142,627423.000000,646432.908451,0.000000,1,1,1,0,672567.000000,679575.000000,0.000000,149833.000000,0,0,0,0.000000,0.000000,0.000000,139483.000000,3,0,0,0.000000,0.000000,0.000000,111554.000000,4,0,0,0.000000,0.000000,0.000000,41629.000000,2,0,0,0.000000,0.000000,0.000000,42556.000000,8,0,0,0.000000,0.000000,0.000000,49455.000000,10,0,0,0.000000,0.000000,0.000000,48879.000000,7,0,0,0.000000,0.000000,0.000000,21488.000000,0,0,0,0.000000,0.000000,0.000000,9814.000000,1,0,0,0.000000,0.000000,0.000000,12732.000000
143,654956.000000,646492.510490,0.000000,1,5,1,0,643306.000000,679575.000000,0.000000,86646.000000,7,1,0,572344.000000,592929.000000,0.000000,124450.000000,4,1,0,450566.000000,468479.000000,0.000000,113622.000000,5,0,0,0.000000,0.000000,0.000000,110590.000000,0,0,0,0.000000,0.000000,0.000000,55018.000000,0,0,0,0.000000,0.000000,0.000000,20004.000000,7,0,0,0.000000,0.000000,0.000000,68801.000000,3,0,0,0.000000,0.000000,0.000000,8051.000000,5,0,0,0.000000,0.000000,0.000000,50709.000000,1,0,0,0.000000,0.000000,0.000000,17065.000000
144,658975.000000,646579.194444,0.000000,1,0,0,0,0.000000,0.000000,0.000000,205991.000000,7,1,0,452999.000000,473584.000000,0.000000,100747.000000,2,0,0,0.000000,0.000000,0.000000,119407.000000,2,0,0,0.000000,0.000000,0.000000,35640.000000,3,0,0,0.000000,0.000000,0.000000,22110.000000,10,0,0,0.000000,0.000000,0.000000,53911.000000,3,0,0,0.000000,0.000000,0.000000,45233.000000,5,0,0,0.000000,0.000000,0.000000,31630.000000,8,0,0,0.000000,0.000000,0.000000,19845.000000,3,0,0,0.000000,0.000000,0.000000,24461.000000
145,644989.000000,646568.227586,0.000000,1,8,1,0,662245.000000,679575.000000,0.000000,158091.000000,7,1,0,499877.000000,521484.000000,0.000000,106038.000000,7,0,0,0.000000,0.000000,0.000000,86427.000000,0,0,0,0.000000,0.000000,0.000000,70706.000000,5,0,0,0.000000,0.000000,0.000000,37018.000000,8,0,0,0.000000,0.000000,0.000000,64502.000000,1,1,0,141526.000000,149721.000000,0.000000,60958.000000,0,0,0,0.000000,0.000000,0.000000,16155.000000,6,0,0,0.000000,0.000000,0.000000,37021.000000,1,0,0,0.000000,0.000000,0.000000,8073.000000
146,640897.000000,646529.383562,0.000000,1,5,1,0,643306.000000,679575.000000,0.000000,125808.000000,1,1,0,546759.000000,553767.000000,0.000000,68605.000000,7,1,0,464577.000000,485162.000000,0.000000,95186.000000,2,0,0,0.000000,0.000000,0.000000,53481.000000,3,0,0,0.000000,0.000000,0.000000,44727.000000,0,0,0,0.000000,0.000000,0.000000,60953.000000,8,0,0,0.000000,0.000000,0.000000,86911.000000,10,0,0,0.000000,0.000000,0.000000,44193.000000,5,0,0,0.000000,0.000000,0.000000,30414.000000,1,0,0,0.000000,0.000000,0.000000,30619.000000
147,619183.000000,646343.353741,0.000000,1,10,1,0,628334.000000,679575.000000,0.000000,112332.000000,0,0,0,0.000000,0.000000,0.000000,83165.000000,1,1,0,475355.000000,484078.000000,0.000000,80600.000000,0,0,0,0.000000,0.000000,0.000000,39075.000000,0,0,0,0.000000,0.000000,0.000000,94593.000000,4,0,0,0.000000,0.000000,0.000000,32198.000000,7,0,0,0.000000,0.000000,0.000000,80321.000000,0,0,0,0.000000,0.000000,0.000000,13177.000000,0,0,0,0.000000,0.000000,0.000000,33298.000000,0,0,0,0.000000,0.000000,0.000000,50424.000000
148,636879.000000,646279.405405,0.000000,1,0,0,0,0.000000,0.000000,0.000000,108869.000000,10,1,0,519465.000000,570706.000000,0.000000,145294.000000,8,1,0,402692.000000,425412.000000,0.000000,98940.000000,0,0,0,0.000000,0.000000,0.000000,49759.000000,7,0,0,0.000000,0.000000,0.000000,83504.000000,9,0,0,0.000000,0.000000,0.000000,28842.000000,5,0,0,0.000000,0.000000,0.000000,30865.000000,5,0,0,0.000000,0.000000,0.000000,32952.000000,10,0,0,0.000000,0.000000,0.000000,38989.000000,0,0,0,0.000000,0.000000,0.000000,18865.000000
149,621459.000000,646112.825503,0.000000,1,6,1,0,656706.000000,679575.000000,0.000000,98063.000000,0,0,0,0.000000,0.000000,0.000000,79262.000000,1,1,0,495242.000000,502250.000000,0.000000,53400.000000,0,0,0,0.000000,0.000000,0.000000,109463.000000,0,0,0,0.000000,0.000000,0.000000,45775.000000,1,1,0,265188.000000,272196.000000,0.000000,97919.000000,6,0,0,0.000000,0.000000,0.000000,42540.000000,1,0,0,0.000000,0.000000,0.000000,28363.000000,0,0,0,0.000000,0.000000,0.000000,20049.000000,10,0,0,0.000000,0.000000,0.000000,46625.000000
150,661612.000000,646216.153333,0.000000,1,4,1,0,661662.000000,679575.000000,0.000000,115753.000000,4,1,0,545909.000000,563822.000000,0.000000,66672.000000,0,0,0,0.000000,0.000000,0.000000,98599.000000,2,0,0,0.000000,0.000000,0.000000,91694.000000,1,1,0,299849.000000,306857.000000,0.000000,72467.000000,6,0,0,0.000000,0.000000,0.000000,69827.000000,3,0,0,0.000000,0.000000,0.000000,33854.000000,2,0,0,0.000000,0.000000,0.000000,46360.000000,0,0,0,0.000000,0.000000,0.000000,24557.000000,9,0,0,0.000000,0.000000,0.000000,41829.000000
151,640752.000000,646179.966887,0.000000,1,8,1,0,662245.000000,679575.000000,0.000000,75405.000000,0,0,0,0.000000,0.000000,0.000000,134891.000000,0,0,0,0.000000,0.000000,0.000000,140121.000000,9,0,0,0.000000,0.000000,0.000000,36203.000000,3,0,0,0.000000,0.000000,0.000000,71219.000000,6,0,0,0.000000,0.000000,0.000000,50798.000000,0,0,0,0.000000,0.000000,0.000000,57954.000000,0,0,0,0.000000,0.000000,0.000000,21470.000000,5,0,0,0.000000,0.000000,0.000000,46489.000000,1,0,0,0.000000,0.000000,0.000000,6202.000000
152,659737.000000,646269.157895,0.000000,1,1,1,0,672567.000000,679575.000000,0.000000,95262.000000,6,1,0,561444.000000,584313.000000,0.000000,161160.000000,4,1,0,405240.000000,423153.000000,0.000000,76542.000000,2,0,0,0.000000,0.000000,0.000000,96988.000000,6,0,0,0.000000,0.000000,0.000000,79557.000000,1,1,0,163016.000000,170066.000000,0.000000,42741.000000,0,0,0,0.000000,0.000000,0.000000,50343.000000,8,0,0,0.000000,0.000000,0.000000,32276.000000,0,0,0,0.000000,0.000000,0.000000,4314.000000,0,0,0,0.000000,0.000000,0.000000,20554.000000
153,642431.000000,646244.071895,0.000000,1,10,1,0,628334.000000,679575.000000,0.000000,107546.000000,5,1,0,535760.000000,572029.000000,0.000000,72587.000000,8,0,0,0.000000,0.000000,0.000000,62334.000000,8,0,0,0.000000,0.000000,0.000000,111577.000000,8,0,0,0.000000,0.000000,0.000000,64796.000000,10,0,0,0.000000,0.000000,0.000000,85313.000000,4,0,0,0.000000,0.000000,0.000000,49032.000000,3,0,0,0.000000,0.000000,0.000000,50001.000000,10,0,0,0.000000,0.000000,0.000000,10167.000000,7,0,0,0.000000,0.000000,0.000000,29078.000000
154,654652.000000,646298.668831,0.000000,1,3,1,0,643256.000000,679575.000000,0.000000,79383.000000,7,1,0,579607.000000,600192.000000,0.000000,120878.000000,2,0,0,0.000000,0.000000,0.000000,58609.000000,2,0,0,0.000000,0.000000,0.000000,137731.000000,7,1,0,262389.000000,282974.000000,0.000000,99135.000000,10,0,0,0.000000,0.000000,0.000000,69847.000000,8,0,0,0.000000,0.000000,0.000000,40280.000000,5,0,0,0.000000,0.000000,0.000000,25806.000000,5,0,0,0.000000,0.000000,0.000000,14439.000000,8,0,0,0.000000,0.000000,0.000000,8544.000000
155,661337.000000,646395.690323,0.000000,1,0,0,0,0.000000,0.000000,0.000000,110676.000000,8,1,0,548019.000000,568899.000000,0.000000,135053.000000,8,0,0,0.000000,0.000000,0.000000,79569.000000,7,0,0,0.000000,0.000000,0.000000,43277.000000,7,0,0,0.000000,0.000000,0.000000,94936.000000,0,0,0,0.000000,0.000000,0.000000,45016.000000,6,0,0,0.000000,0.000000,0.000000,42788.000000,1,0,0,0.000000,0.000000,0.000000,83358.000000,7,0,0,0.000000,0.000000,0.000000,17476.000000,0,0,0,0.000000,0.000000,0.000000,9188.000000
156,658332.000000,646472.205128,0.000000,1,3,1,0,643256.000000,679575.000000,0.000000,94110.000000,5,1,0,549196.000000,585465.000000,0.000000,121196.000000,0,0,0,0.000000,0.000000,0.000000,62020.000000,9,1,0,371882.000000,402249.000000,0.000000,97816.000000,2,0,0,0.000000,0.000000,0.000000,51630.000000,7,1,0,224910.000000,252803.000000,0.000000,103855.000000,1,0,0,0.000000,0.000000,0.000000,21655.000000,4,0,0,0.000000,0.000000,0.000000,27539.000000,6,0,0,0.000000,0.000000,0.000000,21385.000000,6,0,0,0.000000,0.000000,0.000000,57126.000000
157,614125.000000,646266.171975,0.000000,1,0,0,0,0.000000,0.000000,0.000000,105146.000000,7,1,0,553844.000000,574429.000000,0.000000,85257.000000,6,1,0,466303.000000,489172.000000,0.000000,69752.000000,3,1,0,383101.000000,419420.000000,0.000000,66205.000000,2,0,0,0.000000,0.000000,0.000000,64648.000000,4,1,0,266566.000000,270542.000000,0.000000,77941.000000,4,0,0,0.000000,0.000000,0.000000,74874.000000,6,0,0,0.000000,0.000000,0.000000,22716.000000,7,0,0,0.000000,0.000000,0.000000,42188.000000,6,0,0,0.000000,0.000000,0.000000,5398.000000
158,663044.000000,646372.360759,0.000000,1,9,1,0,650483.000000,679575.000000,0.000000,87002.000000,6,1,0,569704.000000,592573.000000,0.000000,97798.000000,2,1,0,426922.000000,494775.000000,0.000000,80488.000000,10,1,0,354003.000000,414287.000000,0.000000,141092.000000,7,0,0,0.000000,0.000000,0.000000,39904.000000,5,0,0,0.000000,0.000000,0.000000,71819.000000,3,0,0,0.000000,0.000000,0.000000,32585.000000,2,0,0,0.000000,0.000000,0.000000,35580.000000,10,0,0,0.000000,0.000000,0.000000,62680.000000,7,0,0,0.000000,0.000000,0.000000,14096.000000
159,643686.000000,646355.465409,0.000000,1,0,0,0,0.000000,0.000000,0.000000,82343.000000,0,0,0,0.000000,0.000000,0.000000,84727.000000,8,1,0,495175.000000,512505.000000,0.000000,123623.000000,1,1,0,381874.000000,388882.000000,0.000000,80890.000000,4,0,0,0.000000,0.000000,0.000000,73946.000000,0,0,0,0.000000,0.000000,0.000000,76150.000000,4,0,0,0.000000,0.000000,0.000000,34193.000000,7,0,0,0.000000,0.000000,0.000000,34991.000000,9,0,0,0.000000,0.000000,0.000000,35441.000000,5,0,0,0.000000,0.000000,0.000000,17382.000000
160,676103.000000,646541.387500,0.000000,1,0,0,0,0.000000,0.000000,0.000000,85404.000000,0,0,0,0.000000,0.000000,0.000000,117347.000000,2,1,0,417853.000000,476824.000000,0.000000,108641.000000,5,1,0,331914.000000,368183.000000,0.000000,136498.000000,0,0,0,0.000000,0.000000,0.000000,51252.000000,7,0,0,0.000000,0.000000,0.000000,97978.000000,4,0,0,0.000000,0.000000,0.000000,30471.000000,0,0,0,0.000000,0.000000,0.000000,20036.000000,9,0,0,0.000000,0.000000,0.000000,12418.000000,5,0,0,0.000000,0.000000,0.000000,16058.000000
161,650924.000000,646568.608696,0.000000,1,10,1,0,628334.000000,679575.000000,0.000000,135953.000000,0,0,0,0.000000,0.000000,0.000000,127576.000000,8,1,0,397176.000000,416046.000000,0.000000,94346.000000,7,1,0,297782.000000,321700.000000,0.000000,97986.000000,0,0,0,0.000000,0.000000,0.000000,67148.000000,3,0,0,0.000000,0.000000,0.000000,70483.000000,6,0,0,0.000000,0.000000,0.000000,12410.000000,0,0,0,0.000000,0.000000,0.000000,28750.000000,1,0,0,0.000000,0.000000,0.000000,6303.000000,0,0,0,0.000000,0.000000,0.000000,9969.000000
162,654520.000000,646617.691358,0.000000,1,10,1,0,628334.000000,679575.000000,0.000000,151600.000000,6,1,0,505106.000000,527975.000000,0.000000,120625.000000,8,1,0,386470.000000,407350.000000,0.000000,79536.000000,0,0,0,0.000000,0.000000,0.000000,53529.000000,0,0,0,0.000000,0.000000,0.000000,86802.000000,2,0,0,0.000000,0.000000,0.000000,28719.000000,3,0,0,0.000000,0.000000,0.000000,63104.000000,9,0,0,0.000000,0.000000,0.000000,24296.000000,6,0,0,0.000000,0.000000,0.000000,11242.000000,3,0,0,0.000000,0.000000,0.000000,35067.000000
163,679575.000000,646819.883436,0.000000,1,4,1,0,661662.000000,679575.000000,0.000000,109471.000000,2,1,0,511133.000000,570104.000000,0.000000,102175.000000,8,1,0,450599.000000,467929.000000,0.000000,124154.000000,5,0,0,0.000000,0.000000,0.000000,70499.000000,9,0,0,0.000000,0.000000,0.000000,78142.000000,10,0,0,0.000000,0.000000,0.000000,61888.000000,2,0,0,0.000000,0.000000,0.000000,51003.000000,4,0,0,0.000000,0.000000,0.000000,25921.000000,3,0,0,0.000000,0.000000,0.000000,30132.000000,4,0,0,0.000000,0.000000,0.000000,26190.000000
164,666993.000000,646942.890244,0.000000,1,4,1,0,661662.000000,679575.000000,0.000000,75132.000000,4,1,0,586530.000000,604443.000000,0.000000,71206.000000,0,0,0,0.000000,0.000000,0.000000,168661.000000,1,1,0,357568.000000,364576.000000,0.000000,114371.000000,9,0,0,0.000000,0.000000,0.000000,70055.000000,4,0,0,0.000000,0.000000,0.000000,59022.000000,1,0,0,0.000000,0.000000,0.000000,39819.000000,4,0,0,0.000000,0.000000,0.000000,15792.000000,1,0,0,0.000000,0.000000,0.000000,8859.000000,2,0,0,0.000000,0.000000,0.000000,44076.000000
165,660927.000000,647027.642424,0.000000,1,1,1,0,672567.000000,679575.000000,0.000000,95675.000000,10,1,0,532659.000000,583900.000000,0.000000,147688.000000,9,0,0,0.000000,0.000000,0.000000,110223.000000,0,0,0,0.000000,0.000000,0.000000,66973.000000,3,0,0,0.000000,0.000000,0.000000,72585.000000,8,0,0,0.000000,0.000000,0.000000,16166.000000,3,0,0,0.000000,0.000000,0.000000,49643.000000,6,0,0,0.000000,0.000000,0.000000,37715.000000,7,0,0,0.000000,0.000000,0.000000,56913.000000,3,0,0,0.000000,0.000000,0.000000,7346.000000
166,647978.000000,647033.367470,0.000000,1,2,1,0,620604.000000,679575.000000,0.000000,81024.000000,8,1,0,581221.000000,598551.000000,0.000000,77664.000000,2,1,0,460632.000000,520887.000000,0.000000,68695.000000,7,1,0,430074.000000,452192.000000,0.000000,102982.000000,4,0,0,0.000000,0.000000,0.000000,111627.000000,10,0,0,0.000000,0.000000,0.000000,61001.000000,0,0,0,0.000000,0.000000,0.000000,39428.000000,0,0,0,0.000000,0.000000,0.000000,15912.000000,0,0,0,0.000000,0.000000,0.000000,37401.000000,1,1,1,50859.000000,28427.000000,30157.000000,22087.000000
167,638580.000000,646982.748503,0.000000,1,0,0,0,0.000000,0.000000,0.000000,94453.000000,5,1,0,548853.000000,585122.000000,0.000000,54846.000000,9,1,0,498895.000000,530276.000000,0.000000,71347.000000,6,1,0,433720.000000,458929.000000,0.000000,68530.000000,10,0,0,0.000000,0.000000,0.000000,106626.000000,3,0,0,0.000000,0.000000,0.000000,88928.000000,10,0,0,0.000000,0.000000,0.000000,36197.000000,9,0,0,0.000000,0.000000,0.000000,32754.000000,1,0,0,0.000000,0.000000,0.000000,68040.000000,3,0,0,0.000000,0.000000,0.000000,16859.000000
168,633587.000000,646903.011905,0.000000,1,6,1,0,656706.000000,679575.000000,0.000000,107146.000000,0,0,0,0.000000,0.000000,0.000000,69687.000000,2,1,0,441203.000000,502742.000000,0.000000,74700.000000,10,0,0,0.000000,0.000000,0.000000,82876.000000,7,1,0,323048.000000,345166.000000,0.000000,59768.000000,2,0,0,0.000000,0.000000,0.000000,44133.000000,4,0,0,0.000000,0.000000,0.000000,27009.000000,1,0,0,0.000000,0.000000,0.000000,63519.000000,9,0,0,0.000000,0.000000,0.000000,36751.000000,5,0,0,0.000000,0.000000,0.000000,67998.000000
169,646929.000000,646903.165680,0.000000,1,5,1,0,643306.000000,679575.000000,0.000000,71881.000000,8,1,0,590364.000000,607694.000000,0.000000,125603.000000,3,1,0,445772.000000,482091.000000,0.000000,88839.000000,1,1,0,386244.000000,393252.000000,0.000000,102881.000000,1,1,0,283363.000000,290371.000000,0.000000,77262.000000,0,0,0,0.000000,0.000000,0.000000,47869.000000,8,0,0,0.000000,0.000000,0.000000,48576.000000,3,0,0,0.000000,0.000000,0.000000,27948.000000,7,0,0,0.000000,0.000000,0.000000,33736.000000,1,0,0,0.000000,0.000000,0.000000,22334.000000
170,655885.000000,646956.000000,0.000000,1,7,1,0,658990.000000,679575.000000,0.000000,70396.000000,4,1,0,591266.000000,609179.000000,0.000000,97057.000000,4,1,0,494209.000000,512122.000000,0.000000,93570.000000,2,1,0,353161.000000,418552.000000,0.000000,80332.000000,7,0,0,0.000000,0.000000,0.000000,54339.000000,4,1,0,260292.000000,283881.000000,0.000000,64721.000000,9,0,0,0.000000,0.000000,0.000000,48842.000000,1,1,0,144623.000000,147473.000000,0.000000,56455.000000,7,0,0,0.000000,0.000000,0.000000,58221.000000,1,0,0,0.000000,0.000000,0.000000,31952.000000
171,623904.000000,646821.192982,0.000000,1,7,1,0,658990.000000,679575.000000,0.000000,85857.000000,0,0,0,0.000000,0.000000,0.000000,125717.000000,2,1,0,398758.000000,468001.000000,0.000000,93038.000000,0,0,0,0.000000,0.000000,0.000000,85235.000000,6,0,0,0.000000,0.000000,0.000000,43211.000000,4,1,0,228604.000000,244617.000000,0.000000,55554.000000,3,0,0,0.000000,0.000000,0.000000,22062.000000,1,0,0,0.000000,0.000000,0.000000,48180.000000,8,0,0,0.000000,0.000000,0.000000,28156.000000,6,0,0,0.000000,0.000000,0.000000,36894.000000
172,637619.000000,646767.691860,0.000000,1,0,0,0,0.000000,0.000000,0.000000,116972.000000,3,1,0,526284.000000,562603.000000,0.000000,96944.000000,0,0,0,0.000000,0.000000,0.000000,89869.000000,2,0,0,0.000000,0.000000,0.000000,97364.000000,2,0,0,0.000000,0.000000,0.000000,113631.000000,9,0,0,0.000000,0.000000,0.000000,40577.000000,8,0,0,0.000000,0.000000,0.000000,38036.000000,3,0,0,0.000000,0.000000,0.000000,16913.000000,6,0,0,0.000000,0.000000,0.000000,9726.000000,2,0,0,0.000000,0.000000,0.000000,17587.000000
173,628250.000000,646660.653179,0.000000,1,10,1,0,628334.000000,679575.000000,0.000000,101160.000000,1,1,0,571407.000000,578415.000000,0.000000,68320.000000,9,1,0,471943.000000,510095.000000,0.000000,72028.000000,0,0,0,0.000000,0.000000,0.000000,69451.000000,8,1,0,345896.000000,357675.000000,0.000000,67453.000000,0,0,0,0.000000,0.000000,0.000000,62774.000000,0,0,0,0.000000,0.000000,0.000000,46331.000000,4,0,0,0.000000,0.000000,0.000000,43679.000000,0,0,0,0.000000,0.000000,0.000000,38907.000000,0,0,0,0.000000,0.000000,0.000000,58147.000000
174,637471.000000,646607.839080,0.000000,1,6,1,0,656706.000000,679575.000000,0.000000,105621.000000,0,0,0,0.000000,0.000000,0.000000,93020.000000,0,0,0,0.000000,0.000000,0.000000,75946.000000,5,1,0,357606.000000,404988.000000,0.000000,87886.000000,5,0,0,0.000000,0.000000,0.000000,65392.000000,3,0,0,0.000000,0.000000,0.000000,109978.000000,5,0,0,0.000000,0.000000,0.000000,49003.000000,4,0,0,0.000000,0.000000,0.000000,26107.000000,9,0,0,0.000000,0.000000,0.000000,20870.000000,10,0,0,0.000000,0.000000,0.000000,3648.000000
175,625487.000000,646487.148571,0.000000,1,9,1,0,650483.000000,679575.000000,0.000000,81499.000000,8,1,0,580746.000000,598076.000000,0.000000,80426.000000,2,1,0,457395.000000,517650.000000,0.000000,78992.000000,7,1,0,418073.000000,438658.000000,0.000000,97358.000000,5,0,0,0.000000,0.000000,0.000000,106892.000000,5,0,0,0.000000,0.000000,0.000000,36752.000000,4,1,0,172831.000000,193932.000000,0.000000,60580.000000,10,0,0,0.000000,0.000000,0.000000,32999.000000,4,0,0,0.000000,0.000000,0.000000,24957.000000,8,0,0,0.000000,0.000000,0.000000,25032.000000
176,655901.000000,646540.636364,0.000000,1,2,1,0,620604.000000,679575.000000,0.000000,98187.000000,5,1,0,545119.000000,581388.000000,0.000000,70543.000000,3,1,0,474526.000000,510845.000000,0.000000,128819.000000,0,0,0,0.000000,0.000000,0.000000,74878.000000,1,1,0,300140.000000,307148.000000,0.000000,56068.000000,7,0,0,0.000000,0.000000,0.000000,56796.000000,10,0,0,0.000000,0.000000,0.000000,106553.000000,6,0,0,0.000000,0.000000,0.000000,32874.000000,6,0,0,0.000000,0.000000,0.000000,16962.000000,4,0,0,0.000000,0.000000,0.000000,14221.000000
177,639047.000000,646498.299435,0.000000,1,1,1,0,672567.000000,679575.000000,0.000000,74733.000000,8,1,0,587512.000000,604842.000000,0.000000,96348.000000,7,1,0,481266.000000,508494.000000,0.000000,123058.000000,9,1,0,355589.000000,385436.000000,0.000000,68726.000000,6,0,0,0.000000,0.000000,0.000000,82127.000000,2,0,0,0.000000,0.000000,0.000000,40478.000000,3,0,0,0.000000,0.000000,0.000000,51298.000000,0,0,0,0.000000,0.000000,0.000000,38783.000000,9,0,0,0.000000,0.000000,0.000000,41242.000000,3,0,0,0.000000,0.000000,0.000000,22254.000000
178,661550.000000,646582.859551,0.000000,1,1,1,0,672567.000000,679575.000000,0.000000,106475.000000,1,1,0,566092.000000,573100.000000,0.000000,133113.000000,10,1,0,387787.000000,439987.000000,0.000000,92991.000000,4,1,0,324907.000000,346996.000000,0.000000,91943.000000,1,1,0,247975.000000,255053.000000,0.000000,125921.000000,5,0,0,0.000000,0.000000,0.000000,21301.000000,7,0,0,0.000000,0.000000,0.000000,35859.000000,1,0,0,0.000000,0.000000,0.000000,41045.000000,4,0,0,0.000000,0.000000,0.000000,4513.000000,9,0,0,0.000000,0.000000,0.000000,8389.000000
179,655025.000000,646630.022346,0.000000,1,9,1,0,650483.000000,679575.000000,0.000000,115621.000000,9,1,0,534862.000000,563954.000000,0.000000,88495.000000,10,0,0,0.000000,0.000000,0.000000,88805.000000,8,0,0,0.000000,0.000000,0.000000,92549.000000,8,0,0,0.000000,0.000000,0.000000,38664.000000,6,0,0,0.000000,0.000000,0.000000,110572.000000,10,0,0,0.000000,0.000000,0.000000,43898.000000,2,0,0,0.000000,0.000000,0.000000,33996.000000,9,0,0,0.000000,0.000000,0.000000,12451.000000,7,0,0,0.000000,0.000000,0.000000,29974.000000
180,622627.000000,646496.672222,0.000000,1,9,1,0,650483.000000,679575.000000,0.000000,151928.000000,0,0,0,0.000000,0.000000,0.000000,59256.000000,7,1,0,447806.000000,468391.000000,0.000000,68686.000000,10,1,0,348464.000000,396884.000000,0.000000,105812.000000,0,0,0,0.000000,0.000000,0.000000,69407.000000,2,0,0,0.000000,0.000000,0.000000,48282.000000,0,0,0,0.000000,0.000000,0.000000,37477.000000,1,0,0,0.000000,0.000000,0.000000,23607.000000,1,0,0,0.000000,0.000000,0.000000,36492.000000,4,0,0,0.000000,0.000000,0.000000,21680.000000
181,630637.000000,646409.049724,0.000000,1,6,1,0,656706.000000,679575.000000,0.000000,74435.000000,6,1,0,582271.000000,605140.000000,0.000000,91410.000000,6,1,0,487654.000000,513730.000000,0.000000,51948.000000,3,1,0,418377.000000,461782.000000,0.000000,129168.000000,1,1,0,325606.000000,332614.000000,0.000000,121767.000000,6,0,0,0.000000,0.000000,0.000000,26238.000000,2,0,0,0.000000,0.000000,0.000000,78168.000000,2,0,0,0.000000,0.000000,0.000000,24427.000000,5,0,0,0.000000,0.000000,0.000000,16936.000000,10,0,0,0.000000,0.000000,0.000000,16140.000000
182,664616.000000,646509.087912,0.000000,1,0,0,0,0.000000,0.000000,0.000000,87092.000000,0,0,0,0.000000,0.000000,0.000000,73313.000000,9,1,0,490078.000000,519170.000000,0.000000,78621.000000,0,0,0,0.000000,0.000000,0.000000,111044.000000,8,1,0,299202.000000,321042.000000,0.000000,107830.000000,8,0,0,0.000000,0.000000,0.000000,47792.000000,6,0,0,0.000000,0.000000,0.000000,43129.000000,5,0,0,0.000000,0.000000,0.000000,43647.000000,1,0,0,0.000000,0.000000,0.000000,51049.000000,4,0,0,0.000000,0.000000,0.000000,21099.000000
183,617408.000000,646350.065574,0.000000,1,3,1,0,643256.000000,679575.000000,0.000000,75294.000000,8,1,0,586951.000000,604281.000000,0.000000,75747.000000,0,0,0,0.000000,0.000000,0.000000,85874.000000,1,1,0,435652.000000,442660.000000,0.000000,62923.000000,9,1,0,336793.000000,371762.000000,0.000000,92737.000000,7,1,0,262546.000000,277324.000000,0.000000,79346.000000,9,0,0,0.000000,0.000000,0.000000,52342.000000,6,0,0,0.000000,0.000000,0.000000,15717.000000,7,0,0,0.000000,0.000000,0.000000,50325.000000,3,0,0,0.000000,0.000000,0.000000,27103.000000
184,645553.000000,646345.733696,0.000000,1,5,1,0,643306.000000,679575.000000,0.000000,124902.000000,0,0,0,0.000000,0.000000,0.000000,82061.000000,1,1,0,465604.000000,472612.000000,0.000000,92989.000000,6,1,0,356754.000000,379623.000000,0.000000,117792.000000,3,0,0,0.000000,0.000000,0.000000,43561.000000,9,0,0,0.000000,0.000000,0.000000,77360.000000,10,0,0,0.000000,0.000000,0.000000,35789.000000,0,0,0,0.000000,0.000000,0.000000,47671.000000,10,0,0,0.000000,0.000000,0.000000,18927.000000,9,0,0,0.000000,0.000000,0.000000,4501.000000
185,638049.000000,646300.886486,0.000000,1,10,1,0,628334.000000,679575.000000,0.000000,119178.000000,8,1,0,537677.000000,560397.000000,0.000000,92718.000000,8,1,0,444959.000000,467679.000000,0.000000,93038.000000,6,0,0,0.000000,0.000000,0.000000,62872.000000,0,0,0,0.000000,0.000000,0.000000,21413.000000,0,0,0,0.000000,0.000000,0.000000,56014.000000,7,0,0,0.000000,0.000000,0.000000,102961.000000,1,0,0,0.000000,0.000000,0.000000,45767.000000,4,0,0,0.000000,0.000000,0.000000,15126.000000,0,0,0,0.000000,0.000000,0.000000,28962.000000
186,624675.000000,646184.618280,0.000000,1,0,0,0,0.000000,0.000000,0.000000,40832.000000,6,1,0,615874.000000,638743.000000,0.000000,85615.000000,1,1,0,546120.000000,553128.000000,0.000000,116330.000000,3,0,0,0.000000,0.000000,0.000000,51388.000000,9,0,0,0.000000,0.000000,0.000000,78929.000000,3,0,0,0.000000,0.000000,0.000000,78367.000000,4,1,0,197761.000000,201380.000000,0.000000,46621.000000,9,0,0,0.000000,0.000000,0.000000,80587.000000,9,0,0,0.000000,0.000000,0.000000,26670.000000,9,0,0,0.000000,0.000000,0.000000,19336.000000
187,672932.000000,646327.652406,0.000000,1,1,1,0,672567.000000,679575.000000,0.000000,64194.000000,0,0,0,0.000000,0.000000,0.000000,132550.000000,2,1,0,423860.000000,482831.000000,0.000000,102520.000000,9,1,0,351219.000000,380311.000000,0.000000,110031.000000,2,0,0,0.000000,0.000000,0.000000,59384.000000,0,0,0,0.000000,0.000000,0.000000,49925.000000,3,0,0,0.000000,0.000000,0.000000,90355.000000,3,0,0,0.000000,0.000000,0.000000,50535.000000,4,0,0,0.000000,0.000000,0.000000,4731.000000,9,0,0,0.000000,0.000000,0.000000,8707.000000
188,622975.000000,646203.436170,0.000000,1,5,1,0,643306.000000,679575.000000,0.000000,84507.000000,3,1,0,558749.000000,595068.000000,0.000000,78950.000000,2,1,0,449443.000000,516118.000000,0.000000,68211.000000,4,1,0,428494.000000,447907.000000,0.000000,74277.000000,7,1,0,348691.000000,370809.000000,0.000000,112179.000000,2,0,0,0.000000,0.000000,0.000000,67392.000000,3,0,0,0.000000,0.000000,0.000000,33439.000000,3,0,0,0.000000,0.000000,0.000000,29482.000000,10,0,0,0.000000,0.000000,0.000000,53127.000000,8,0,0,0.000000,0.000000,0.000000,21411.000000
189,659403.000000,646273.275132,0.000000,1,5,1,0,643306.000000,679575.000000,0.000000,59605.000000,5,1,0,583701.000000,619970.000000,0.000000,135332.000000,7,0,0,0.000000,0.000000,0.000000,82028.000000,6,1,0,379741.000000,402610.000000,0.000000,122036.000000,4,1,0,262661.000000,280574.000000,0.000000,80008.000000,10,0,0,0.000000,0.000000,0.000000,67399.000000,1,0,0,0.000000,0.000000,0.000000,67305.000000,9,0,0,0.000000,0.000000,0.000000,18728.000000,4,0,0,0.000000,0.000000,0.000000,18943.000000,0,0,0,0.000000,0.000000,0.000000,8019.000000
190,654358.000000,646315.826316,0.000000,1,8,1,0,662245.000000,679575.000000,0.000000,115056.000000,9,1,0,535427.000000,564519.000000,0.000000,76028.000000,2,1,0,425668.000000,488491.000000,0.000000,75058.000000,1,1,0,406082.000000,413433.000000,0.000000,58391.000000,3,0,0,0.000000,0.000000,0.000000,89304.000000,4,0,0,0.000000,0.000000,0.000000,71534.000000,5,0,0,0.000000,0.000000,0.000000,62547.000000,6,0,0,0.000000,0.000000,0.000000,43015.000000,9,0,0,0.000000,0.000000,0.000000,44768.000000,7,0,0,0.000000,0.000000,0.000000,18657.000000
191,670455.000000,646442.209424,0.000000,1,0,0,0,0.000000,0.000000,0.000000,53745.000000,4,1,0,607917.000000,625830.000000,0.000000,108243.000000,5,1,0,469163.000000,517587.000000,0.000000,100567.000000,3,1,0,368854.000000,417020.000000,0.000000,94642.000000,7,0,0,0.000000,0.000000,0.000000,85131.000000,6,0,0,0.000000,0.000000,0.000000,56305.000000,7,0,0,0.000000,0.000000,0.000000,97152.000000,5,0,0,0.000000,0.000000,0.000000,17503.000000,0,0,0,0.000000,0.000000,0.000000,49809.000000,2,0,0,0.000000,0.000000,0.000000,7358.000000
192,663449.000000,646530.786458,0.000000,1,2,1,0,620604.000000,679575.000000,0.000000,52182.000000,10,1,0,576152.000000,627393.000000,0.000000,77022.000000,10,1,0,499130.000000,550371.000000,0.000000,109657.000000,5,1,0,404445.000000,440714.000000,0.000000,73264.000000,3,0,0,0.000000,0.000000,0.000000,147179.000000,0,0,0,0.000000,0.000000,0.000000,36664.000000,4,0,0,0.000000,0.000000,0.000000,53502.000000,7,0,0,0.000000,0.000000,0.000000,32550.000000,0,0,0,0.000000,0.000000,0.000000,57131.000000,1,0,0,0.000000,0.000000,0.000000,24298.000000
193,636194.000000,646477.227979,0.000000,1,8,1,0,662245.000000,679575.000000,0.000000,55307.000000,10,1,0,573027.000000,624268.000000,0.000000,62856.000000,9,1,0,525525.000000,561412.000000,0.000000,81209.000000,0,0,0,0.000000,0.000000,0.000000,72562.000000,3,1,0,353385.000000,399694.000000,0.000000,60820.000000,3,0,0,0.000000,0.000000,0.000000,46937.000000,9,0,0,0.000000,0.000000,0.000000,75360.000000,1,0,0,0.000000,0.000000,0.000000,78031.000000,5,0,0,0.000000,0.000000,0.000000,63848.000000,0,0,0,0.000000,0.000000,0.000000,39264.000000
194,662083.000000,646557.670103,0.000000,1,10,1,0,628334.000000,679575.000000,0.000000,92504.000000,2,1,0,528100.000000,587071.000000,0.000000,96422.000000,8,1,0,473319.000000,490649.000000,0.000000,108551.000000,8,0,0,0.000000,0.000000,0.000000,97215.000000,7,0,0,0.000000,0.000000,0.000000,48182.000000,7,0,0,0.000000,0.000000,0.000000,71696.000000,1,0,0,0.000000,0.000000,0.000000,73912.000000,4,0,0,0.000000,0.000000,0.000000,32419.000000,3,0,0,0.000000,0.000000,0.000000,20735.000000,0,0,0,0.000000,0.000000,0.000000,20447.000000
195,609445.000000,646367.348718,0.000000,1,0,0,0,0.000000,0.000000,0.000000,88015.000000,2,1,0,532589.000000,591560.000000,0.000000,148578.000000,4,1,0,425069.000000,442982.000000,0.000000,90901.000000,0,0,0,0.000000,0.000000,0.000000,53332.000000,0,0,0,0.000000,0.000000,0.000000,52983.000000,0,0,0,0.000000,0.000000,0.000000,54247.000000,8,0,0,0.000000,0.000000,0.000000,38374.000000,4,0,0,0.000000,0.000000,0.000000,45814.000000,5,0,0,0.000000,0.000000,0.000000,23430.000000,1,0,0,0.000000,0.000000,0.000000,13771.000000
196,671454.000000,646495.341837,0.000000,1,6,1,0,656706.000000,679575.000000,0.000000,66753.000000,5,1,0,576553.000000,612822.000000,0.000000,148339.000000,2,0,0,0.000000,0.000000,0.000000,62645.000000,2,0,0,0.000000,0.000000,0.000000,118743.000000,9,0,0,0.000000,0.000000,0.000000,41137.000000,0,0,0,0.000000,0.000000,0.000000,113195.000000,4,0,0,0.000000,0.000000,0.000000,45640.000000,8,0,0,0.000000,0.000000,0.000000,46165.000000,2,0,0,0.000000,0.000000,0.000000,11374.000000,8,0,0,0.000000,0.000000,0.000000,17463.000000
197,674985.000000,646639.959391,0.000000,1,6,1,0,656706.000000,679575.000000,0.000000,119445.000000,8,1,0,542800.000000,560130.000000,0.000000,142124.000000,2,1,0,351947.000000,418006.000000,0.000000,115201.000000,2,0,0,0.000000,0.000000,0.000000,69520.000000,8,0,0,0.000000,0.000000,0.000000,63146.000000,0,0,0,0.000000,0.000000,0.000000,58269.000000,5,0,0,0.000000,0.000000,0.000000,43859.000000,3,0,0,0.000000,0.000000,0.000000,23958.000000,2,0,0,0.000000,0.000000,0.000000,18888.000000,0,0,0,0.000000,0.000000,0.000000,20575.000000
198,635268.000000,646582.525253,0.000000,1,5,1,0,643306.000000,679575.000000,0.000000,125667.000000,9,1,0,524816.000000,553908.000000,0.000000,135643.000000,10,1,0,367024.000000,418265.000000,0.000000,96559.000000,4,1,0,295985.000000,321706.000000,0.000000,70005.000000,9,0,0,0.000000,0.000000,0.000000,66199.000000,8,0,0,0.000000,0.000000,0.000000,50888.000000,0,0,0,0.000000,0.000000,0.000000,24778.000000,4,0,0,0.000000,0.000000,0.000000,38440.000000,1,0,0,0.000000,0.000000,0.000000,16482.000000,0,0,0,0.000000,0.000000,0.000000,10607.000000
199,658630.000000,646643.065327,0.000000,1,0,0,0,0.000000,0.000000,0.000000,110066.000000,1,1,0,562501.000000,569509.000000,0.000000,103409.000000,0,0,0,0.000000,0.000000,0.000000,79426.000000,3,0,0,0.000000,0.000000,0.000000,92342.000000,3,0,0,0.000000,0.000000,0.000000,78356.000000,0,0,0,0.000000,0.000000,0.000000,37787.000000,4,0,0,0.000000,0.000000,0.000000,41507.000000,6,0,0,0.000000,0.000000,0.000000,34793.000000,9,0,0,0.000000,0.000000,0.000000,62039.000000,8,0,0,0.000000,0.000000,0.000000,18905.000000
200,644914.000000,646634.420000,0.000000,1,4,1,0,661662.000000,679575.000000,0.000000,83333.000000,6,1,0,573373.000000,596242.000000,0.000000,76600.000000,9,1,0,490550.000000,519642.000000,0.000000,138949.000000,0,0,0,0.000000,0.000000,0.000000,79135.000000,6,0,0,0.000000,0.000000,0.000000,74229.000000,0,0,0,0.000000,0.000000,0.000000,37744.000000,4,0,0,0.000000,0.000000,0.000000,40090.000000,0,0,0,0.000000,0.000000,0.000000,39688.000000,6,0,0,0.000000,0.000000,0.000000,48065.000000,0,0,0,0.000000,0.000000,0.000000,27081.000000
201,597101.000000,646387.985075,0.000000,1,5,1,0,643306.000000,679575.000000,0.000000,78597.000000,5,1,0,564709.000000,600978.000000,0.000000,68788.000000,8,1,0,514860.000000,532190.000000,0.000000,126557.000000,5,1,0,353873.000000,405633.000000,0.000000,31475.000000,3,1,0,325992.000000,371481.000000,0.000000,100708.000000,0,0,0,0.000000,0.000000,0.000000,56364.000000,9,0,0,0.000000,0.000000,0.000000,57970.000000,6,0,0,0.000000,0.000000,0.000000,20681.000000,9,0,0,0.000000,0.000000,0.000000,44990.000000,8,0,0,0.000000,0.000000,0.000000,10971.000000
202,663055.000000,646470.495050,0.000000,1,0,0,0,0.000000,0.000000,0.000000,66272.000000,0,0,0,0.000000,0.000000,0.000000,102570.000000,7,1,0,490148.000000,510733.000000,0.000000,120556.000000,1,1,0,383169.000000,390177.000000,0.000000,62096.000000,0,0,0,0.000000,0.000000,0.000000,84468.000000,10,0,0,0.000000,0.000000,0.000000,76700.000000,2,0,0,0.000000,0.000000,0.000000,48204.000000,9,0,0,0.000000,0.000000,0.000000,61515.000000,8,0,0,0.000000,0.000000,0.000000,13626.000000,4,0,0,0.000000,0.000000,0.000000,27048.000000
203,654875.000000,646511.896552,0.000000,1,10,1,0,628334.000000,679575.000000,0.000000,125546.000000,4,1,0,536116.000000,554029.000000,0.000000,102046.000000,0,0,0,0.000000,0.000000,0.000000,104784.000000,5,0,0,0.000000,0.000000,0.000000,125051.000000,6,0,0,0.000000,0.000000,0.000000,56130.000000,1,0,0,0.000000,0.000000,0.000000,61921.000000,7,0,0,0.000000,0.000000,0.000000,18220.000000,6,0,0,0.000000,0.000000,0.000000,23507.000000,0,0,0,0.000000,0.000000,0.000000,30128.000000,1,0,0,0.000000,0.000000,0.000000,7542.000000
204,659807.000000,646577.068627,0.000000,1,5,1,0,643306.000000,679575.000000,0.000000,103525.000000,6,1,0,548905.000000,576050.000000,0.000000,83023.000000,8,1,0,475697.000000,493027.000000,0.000000,43272.000000,6,1,0,413756.000000,447180.000000,0.000000,136644.000000,0,0,0,0.000000,0.000000,0.000000,59624.000000,2,0,0,0.000000,0.000000,0.000000,97819.000000,1,1,0,147974.000000,153768.000000,0.000000,69993.000000,0,0,0,0.000000,0.000000,0.000000,48952.000000,1,0,0,0.000000,0.000000,0.000000,10668.000000,1,0,0,0.000000,0.000000,0.000000,6287.000000
205,667437.000000,646678.824390,0.000000,1,7,1,0,658990.000000,679575.000000,0.000000,132778.000000,6,1,0,523928.000000,546797.000000,0.000000,38126.000000,10,1,0,457430.000000,508671.000000,0.000000,122652.000000,1,1,0,377296.000000,386019.000000,0.000000,106061.000000,1,1,0,270892.000000,279958.000000,0.000000,69347.000000,1,0,0,0.000000,0.000000,0.000000,85514.000000,5,0,0,0.000000,0.000000,0.000000,60508.000000,1,0,0,0.000000,0.000000,0.000000,33528.000000,5,0,0,0.000000,0.000000,0.000000,14016.000000,8,0,0,0.000000,0.000000,0.000000,4907.000000
206,658321.000000,646735.339806,0.000000,1,10,1,0,628334.000000,679575.000000,0.000000,93232.000000,3,1,0,550024.000000,586343.000000,0.000000,191797.000000,4,1,0,376133.000000,394546.000000,0.000000,55112.000000,2,0,0,0.000000,0.000000,0.000000,125143.000000,0,0,0,0.000000,0.000000,0.000000,97573.000000,0,0,0,0.000000,0.000000,0.000000,51414.000000,0,0,0,0.000000,0.000000,0.000000,26061.000000,5,0,0,0.000000,0.000000,0.000000,6911.000000,2,0,0,0.000000,0.000000,0.000000,4719.000000,5,0,0,0.000000,0.000000,0.000000,6359.000000
207,663622.000000,646816.917874,0.000000,1,6,1,0,656706.000000,679575.000000,0.000000,45569.000000,9,1,0,604914.000000,634006.000000,0.000000,153882.000000,10,1,0,428883.000000,480124.000000,0.000000,112474.000000,5,0,0,0.000000,0.000000,0.000000,106779.000000,3,0,0,0.000000,0.000000,0.000000,68616.000000,10,0,0,0.000000,0.000000,0.000000,68999.000000,8,0,0,0.000000,0.000000,0.000000,59841.000000,8,0,0,0.000000,0.000000,0.000000,19576.000000,0,0,0,0.000000,0.000000,0.000000,8950.000000,1,0,0,0.000000,0.000000,0.000000,18936.000000
208,639627.000000,646782.350962,0.000000,1,0,0,0,0.000000,0.000000,0.000000,109243.000000,5,1,0,534063.000000,570332.000000,0.000000,67454.000000,8,1,0,485548.000000,502878.000000,0.000000,147336.000000,0,0,0,0.000000,0.000000,0.000000,105673.000000,6,0,0,0.000000,0.000000,0.000000,69711.000000,3,0,0,0.000000,0.000000,0.000000,43524.000000,4,0,0,0.000000,0.000000,0.000000,12467.000000,0,0,0,0.000000,0.000000,0.000000,31780.000000,10,0,0,0.000000,0.000000,0.000000,13426.000000,8,0,0,0.000000,0.000000,0.000000,39013.000000
209,662841.000000,646859.186603,0.000000,1,1,1,0,672567.000000,679575.000000,0.000000,105199.000000,10,1,0,523135.000000,574376.000000,0.000000,103192.000000,3,1,0,430245.000000,471184.000000,0.000000,118915.000000,0,0,0,0.000000,0.000000,0.000000,48196.000000,3,0,0,0.000000,0.000000,0.000000,86712.000000,6,0,0,0.000000,0.000000,0.000000,97843.000000,5,0,0,0.000000,0.000000,0.000000,36033.000000,7,0,0,0.000000,0.000000,0.000000,16819.000000,0,0,0,0.000000,0.000000,0.000000,4956.000000,0,0,0,0.000000,0.000000,0.000000,44976.000000
210,666242.000000,646951.485714,0.000000,1,10,1,0,628334.000000,679575.000000,0.000000,99508.000000,4,1,0,562154.000000,580067.000000,0.000000,75699.000000,3,1,0,466868.000000,504368.000000,0.000000,83501.000000,0,0,0,0.000000,0.000000,0.000000,67913.000000,4,1,0,332541.000000,352954.000000,0.000000,53871.000000,0,0,0,0.000000,0.000000,0.000000,81257.000000,0,0,0,0.000000,0.000000,0.000000,86782.000000,6,0,0,0.000000,0.000000,0.000000,48946.000000,0,0,0,0.000000,0.000000,0.000000,47157.000000,0,0,0,0.000000,0.000000,0.000000,21608.000000
211,653991.000000,646984.848341,0.000000,1,6,1,0,656706.000000,679575.000000,0.000000,72621.000000,9,1,0,577862.000000,606954.000000,0.000000,113309.000000,0,0,0,0.000000,0.000000,0.000000,65194.000000,9,1,0,398604.000000,428451.000000,0.000000,123139.000000,1,1,0,296589.000000,305312.000000,0.000000,49749.000000,10,0,0,0.000000,0.000000,0.000000,108650.000000,9,0,0,0.000000,0.000000,0.000000,68088.000000,4,0,0,0.000000,0.000000,0.000000,30183.000000,7,0,0,0.000000,0.000000,0.000000,11172.000000,2,0,0,0.000000,0.000000,0.000000,11886.000000
212,653887.000000,647017.405660,0.000000,1,9,1,0,650483.000000,679575.000000,0.000000,170791.000000,10,1,0,457543.000000,508784.000000,0.000000,94119.000000,4,1,0,392208.000000,414665.000000,0.000000,69514.000000,7,1,0,317923.000000,345151.000000,0.000000,38126.000000,3,0,0,0.000000,0.000000,0.000000,70355.000000,5,0,0,0.000000,0.000000,0.000000,54298.000000,0,0,0,0.000000,0.000000,0.000000,77650.000000,7,0,0,0.000000,0.000000,0.000000,43890.000000,10,0,0,0.000000,0.000000,0.000000,17544.000000,8,0,0,0.000000,0.000000,0.000000,17600.000000
213,668783.000000,647119.591549,0.000000,1,2,1,0,620604.000000,679575.000000,0.000000,46706.000000,9,1,0,603777.000000,632869.000000,0.000000,141357.000000,8,1,0,474182.000000,491512.000000,0.000000,113552.000000,7,1,0,356864.000000,377960.000000,0.000000,82113.000000,0,0,0,0.000000,0.000000,0.000000,77557.000000,1,0,0,0.000000,0.000000,0.000000,65087.000000,2,0,0,0.000000,0.000000,0.000000,68112.000000,2,0,0,0.000000,0.000000,0.000000,53515.000000,5,0,0,0.000000,0.000000,0.000000,8946.000000,10,0,0,0.000000,0.000000,0.000000,11838.000000
214,622764.000000,647005.780374,0.000000,1,8,1,0,662245.000000,679575.000000,0.000000,82147.000000,7,1,0,576843.000000,597428.000000,0.000000,67625.000000,8,1,0,512473.000000,529803.000000,0.000000,97244.000000,10,1,0,377078.000000,432559.000000,0.000000,83407.000000,9,0,0,0.000000,0.000000,0.000000,104465.000000,8,0,0,0.000000,0.000000,0.000000,29405.000000,0,0,0,0.000000,0.000000,0.000000,51655.000000,4,0,0,0.000000,0.000000,0.000000,60936.000000,3,0,0,0.000000,0.000000,0.000000,31018.000000,5,0,0,0.000000,0.000000,0.000000,14862.000000
215,593604.000000,646757.400000,0.000000,1,0,0,0,0.000000,0.000000,0.000000,143887.000000,6,1,0,512819.000000,535688.000000,0.000000,72249.000000,5,1,0,426065.000000,463439.000000,0.000000,85375.000000,0,0,0,0.000000,0.000000,0.000000,49073.000000,3,0,0,0.000000,0.000000,0.000000,68333.000000,1,1,0,243225.000000,250233.000000,0.000000,44143.000000,6,0,0,0.000000,0.000000,0.000000,35937.000000,6,0,0,0.000000,0.000000,0.000000,38507.000000,4,0,0,0.000000,0.000000,0.000000,23317.000000,6,0,0,0.000000,0.000000,0.000000,32783.000000
216,632655.000000,646692.111111,0.000000,1,5,1,0,643306.000000,679575.000000,0.000000,123535.000000,3,1,0,516178.000000,556040.000000,0.000000,70935.000000,0,0,0,0.000000,0.000000,0.000000,54206.000000,5,0,0,0.000000,0.000000,0.000000,93675.000000,1,1,0,330216.000000,337224.000000,0.000000,94185.000000,2,0,0,0.000000,0.000000,0.000000,66875.000000,0,0,0,0.000000,0.000000,0.000000,58779.000000,2,0,0,0.000000,0.000000,0.000000,26111.000000,5,0,0,0.000000,0.000000,0.000000,30935.000000,8,0,0,0.000000,0.000000,0.000000,13419.000000
217,669238.000000,646796.009217,0.000000,1,4,1,0,661662.000000,679575.000000,0.000000,106549.000000,4,1,0,555113.000000,573026.000000,0.000000,116175.000000,3,0,0,0.000000,0.000000,0.000000,92226.000000,8,1,0,346585.000000,364625.000000,0.000000,94316.000000,0,0,0,0.000000,0.000000,0.000000,46438.000000,9,0,0,0.000000,0.000000,0.000000,130475.000000,7,0,0,0.000000,0.000000,0.000000,28203.000000,0,0,0,0.000000,0.000000,0.000000,14776.000000,0,0,0,0.000000,0.000000,0.000000,27498.000000,0,0,0,0.000000,0.000000,0.000000,12582.000000
218,679575.000000,646946.371560,0.000000,1,2,1,0,620604.000000,679575.000000,0.000000,159793.000000,2,0,0,0.000000,0.000000,0.000000,99613.000000,2,0,0,0.000000,0.000000,0.000000,103736.000000,9,0,0,0.000000,0.000000,0.000000,113833.000000,10,0,0,0.000000,0.000000,0.000000,79033.000000,3,0,0,0.000000,0.000000,0.000000,21723.000000,7,0,0,0.000000,0.000000,0.000000,44330.000000,8,0,0,0.000000,0.000000,0.000000,34542.000000,0,0,0,0.000000,0.000000,0.000000,21248.000000,0,0,0,0.000000,0.000000,0.000000,1724.000000
219,669912.000000,647051.237443,0.000000,1,3,1,0,643256.000000,679575.000000,0.000000,92039.000000,2,1,0,528565.000000,587536.000000,0.000000,71477.000000,0,0,0,0.000000,0.000000,0.000000,97232.000000,7,1,0,398242.000000,418827.000000,0.000000,116612.000000,8,0,0,0.000000,0.000000,0.000000,89210.000000,9,0,0,0.000000,0.000000,0.000000,84447.000000,1,0,0,0.000000,0.000000,0.000000,35280.000000,6,0,0,0.000000,0.000000,0.000000,31234.000000,3,0,0,0.000000,0.000000,0.000000,34998.000000,10,0,0,0.000000,0.000000,0.000000,17383.000000
220,661675.000000,647117.709091,0.000000,1,2,1,0,620604.000000,679575.000000,0.000000,70792.000000,2,1,0,549812.000000,608783.000000,0.000000,108799.000000,8,1,0,482654.000000,499984.000000,0.000000,81418.000000,1,1,0,411558.000000,415991.000000,0.000000,80863.000000,4,1,0,317790.000000,337703.000000,0.000000,52093.000000,4,1,0,256401.000000,278314.000000,0.000000,50948.000000,7,0,0,0.000000,0.000000,0.000000,79675.000000,9,0,0,0.000000,0.000000,0.000000,114764.000000,1,1,0,29360.000000,35073.000000,0.000000,17874.000000,4,0,0,0.000000,0.000000,0.000000,4449.000000
221,641379.000000,647091.742081,0.000000,1,6,1,0,656706.000000,679575.000000,0.000000,142577.000000,7,1,0,516413.000000,536998.000000,0.000000,91605.000000,8,1,0,428063.000000,445393.000000,0.000000,130520.000000,9,0,0,0.000000,0.000000,0.000000,41871.000000,8,0,0,0.000000,0.000000,0.000000,38339.000000,10,0,0,0.000000,0.000000,0.000000,57164.000000,3,0,0,0.000000,0.000000,0.000000,56336.000000,1,0,0,0.000000,0.000000,0.000000,25104.000000,8,0,0,0.000000,0.000000,0.000000,32859.000000,3,0,0,0.000000,0.000000,0.000000,25004.000000
222,654243.000000,647123.954955,0.000000,1,7,1,0,658990.000000,679575.000000,0.000000,142387.000000,0,0,0,0.000000,0.000000,0.000000,98794.000000,4,1,0,420481.000000,438394.000000,0.000000,88838.000000,8,0,0,0.000000,0.000000,0.000000,121087.000000,4,0,0,0.000000,0.000000,0.000000,62742.000000,6,0,0,0.000000,0.000000,0.000000,73040.000000,0,0,0,0.000000,0.000000,0.000000,29476.000000,8,0,0,0.000000,0.000000,0.000000,21924.000000,0,0,0,0.000000,0.000000,0.000000,11529.000000,10,0,0,0.000000,0.000000,0.000000,4426.000000
223,652317.000000,647147.242152,0.000000,1,7,1,0,658990.000000,679575.000000,0.000000,102515.000000,9,1,0,547968.000000,577060.000000,0.000000,141866.000000,2,1,0,368425.000000,435194.000000,0.000000,69828.000000,0,0,0,0.000000,0.000000,0.000000,106333.000000,3,0,0,0.000000,0.000000,0.000000,35852.000000,6,0,0,0.000000,0.000000,0.000000,52499.000000,7,0,0,0.000000,0.000000,0.000000,53224.000000,8,0,0,0.000000,0.000000,0.000000,44409.000000,0,0,0,0.000000,0.000000,0.000000,35880.000000,1,0,0,0.000000,0.000000,0.000000,9911.000000
224,647760.000000,647149.977679,0.000000,1,1,1,0,672567.000000,679575.000000,0.000000,68139.000000,6,1,0,588567.000000,611436.000000,0.000000,90031.000000,0,0,0,0.000000,0.000000,0.000000,92285.000000,6,1,0,397046.000000,429120.000000,0.000000,91818.000000,10,0,0,0.000000,0.000000,0.000000,80785.000000,5,0,0,0.000000,0.000000,0.000000,113031.000000,8,0,0,0.000000,0.000000,0.000000,29101.000000,7,0,0,0.000000,0.000000,0.000000,39652.000000,5,0,0,0.000000,0.000000,0.000000,28606.000000,0,0,0,0.000000,0.000000,0.000000,14312.000000
225,593682.000000,646912.342222,0.000000,1,4,1,0,661662.000000,679575.000000,0.000000,86277.000000,5,1,0,557029.000000,593298.000000,0.000000,71696.000000,3,1,0,485283.000000,521602.000000,0.000000,73977.000000,1,1,0,440617.000000,445050.000000,0.000000,79134.000000,3,0,0,0.000000,0.000000,0.000000,77431.000000,0,0,0,0.000000,0.000000,0.000000,67903.000000,4,0,0,0.000000,0.000000,0.000000,42819.000000,5,0,0,0.000000,0.000000,0.000000,52549.000000,6,0,0,0.000000,0.000000,0.000000,33954.000000,1,0,0,0.000000,0.000000,0.000000,7942.000000
226,636077.000000,646864.398230,0.000000,1,9,1,0,650483.000000,679575.000000,0.000000,137001.000000,9,1,0,511357.000000,542574.000000,0.000000,97377.000000,5,1,0,406718.000000,445197.000000,0.000000,82493.000000,5,1,0,312238.000000,362704.000000,0.000000,99623.000000,10,0,0,0.000000,0.000000,0.000000,68312.000000,6,0,0,0.000000,0.000000,0.000000,46687.000000,3,0,0,0.000000,0.000000,0.000000,38797.000000,0,0,0,0.000000,0.000000,0.000000,20580.000000,10,0,0,0.000000,0.000000,0.000000,36744.000000,0,0,0,0.000000,0.000000,0.000000,8463.000000
227,588911.000000,646609.096916,0.000000,1,9,1,0,650483.000000,679575.000000,0.000000,81680.000000,3,1,0,561576.000000,597895.000000,0.000000,117386.000000,0,0,0,0.000000,0.000000,0.000000,49572.000000,2,1,0,360422.000000,430937.000000,0.000000,72808.000000,5,0,0,0.000000,0.000000,0.000000,62047.000000,8,0,0,0.000000,0.000000,0.000000,41585.000000,1,0,0,0.000000,0.000000,0.000000,54302.000000,9,0,0,0.000000,0.000000,0.000000,77833.000000,2,0,0,0.000000,0.000000,0.000000,19121.000000,7,0,0,0.000000,0.000000,0.000000,12577.000000
228,669275.000000,646708.508772,0.000000,1,5,1,0,643306.000000,679575.000000,0.000000,101587.000000,9,1,0,548896.000000,577988.000000,0.000000,86341.000000,9,1,0,461800.000000,491647.000000,0.000000,44396.000000,5,1,0,395407.000000,447251.000000,0.000000,88895.000000,5,0,0,0.000000,0.000000,0.000000,73994.000000,0,0,0,0.000000,0.000000,0.000000,71692.000000,8,0,0,0.000000,0.000000,0.000000,72761.000000,10,0,0,0.000000,0.000000,0.000000,59093.000000,2,0,0,0.000000,0.000000,0.000000,55592.000000,6,0,0,0.000000,0.000000,0.000000,14924.000000
229,652080.000000,646731.965066,0.000000,1,5,1,0,643306.000000,679575.000000,0.000000,76516.000000,5,1,0,566790.000000,603059.000000,0.000000,89712.000000,9,1,0,483500.000000,513347.000000,0.000000,89725.000000,0,0,0,0.000000,0.000000,0.000000,64000.000000,10,0,0,0.000000,0.000000,0.000000,124189.000000,0,0,0,0.000000,0.000000,0.000000,113179.000000,6,0,0,0.000000,0.000000,0.000000,41414.000000,6,0,0,0.000000,0.000000,0.000000,26240.000000,3,0,0,0.000000,0.000000,0.000000,9920.000000,10,0,0,0.000000,0.000000,0.000000,17185.000000
230,674730.000000,646853.695652,0.000000,1,2,1,0,620604.000000,679575.000000,0.000000,95325.000000,6,1,0,561381.000000,584250.000000,0.000000,216423.000000,3,1,0,331508.000000,367827.000000,0.000000,74691.000000,0,0,0,0.000000,0.000000,0.000000,94283.000000,1,0,0,0.000000,0.000000,0.000000,76156.000000,6,0,0,0.000000,0.000000,0.000000,53228.000000,8,0,0,0.000000,0.000000,0.000000,43452.000000,3,0,0,0.000000,0.000000,0.000000,15233.000000,8,0,0,0.000000,0.000000,0.000000,4970.000000,5,0,0,0.000000,0.000000,0.000000,969.000000
231,661862.000000,646918.666667,0.000000,1,7,1,0,658990.000000,679575.000000,0.000000,96830.000000,4,1,0,564832.000000,582745.000000,0.000000,89157.000000,1,1,0,486580.000000,493588.000000,0.000000,151612.000000,2,0,0,0.000000,0.000000,0.000000,73302.000000,3,0,0,0.000000,0.000000,0.000000,88756.000000,1,0,0,0.000000,0.000000,0.000000,56104.000000,5,0,0,0.000000,0.000000,0.000000,19018.000000,7,0,0,0.000000,0.000000,0.000000,45823.000000,0,0,0,0.000000,0.000000,0.000000,21156.000000,0,0,0,0.000000,0.000000,0.000000,20104.000000
232,663053.000000,646988.211207,0.000000,1,9,1,0,650483.000000,679575.000000,0.000000,102616.000000,0,0,0,0.000000,0.000000,0.000000,103966.000000,4,1,0,453912.000000,472993.000000,0.000000,119005.000000,2,1,0,291675.000000,353988.000000,0.000000,85549.000000,0,0,0,0.000000,0.000000,0.000000,50813.000000,3,0,0,0.000000,0.000000,0.000000,54611.000000,10,0,0,0.000000,0.000000,0.000000,76870.000000,8,0,0,0.000000,0.000000,0.000000,25369.000000,10,0,0,0.000000,0.000000,0.000000,30725.000000,6,0,0,0.000000,0.000000,0.000000,13529.000000
233,615213.000000,646851.836910,0.000000,1,1,1,0,672567.000000,679575.000000,0.000000,83951.000000,6,1,0,572755.000000,595624.000000,0.000000,126117.000000,0,0,0,0.000000,0.000000,0.000000,150168.000000,2,0,0,0.000000,0.000000,0.000000,62062.000000,4,0,0,0.000000,0.000000,0.000000,39803.000000,4,0,0,0.000000,0.000000,0.000000,41962.000000,1,0,0,0.000000,0.000000,0.000000,47195.000000,0,0,0,0.000000,0.000000,0.000000,33489.000000,6,0,0,0.000000,0.000000,0.000000,20387.000000,4,0,0,0.000000,0.000000,0.000000,10079.000000
234,618186.000000,646729.333333,0.000000,1,8,1,0,662245.000000,679575.000000,0.000000,126558.000000,0,0,0,0.000000,0.000000,0.000000,42162.000000,3,1,0,474536.000000,510855.000000,0.000000,76329.000000,3,1,0,391084.000000,434526.000000,0.000000,111662.000000,0,0,0,0.000000,0.000000,0.000000,76644.000000,3,0,0,0.000000,0.000000,0.000000,65732.000000,4,0,0,0.000000,0.000000,0.000000,44101.000000,4,0,0,0.000000,0.000000,0.000000,28210.000000,8,0,0,0.000000,0.000000,0.000000,46788.000000,8,0,0,0.000000,0.000000,0.000000,0.000000
235,665674.000000,646809.948936,0.000000,1,8,1,0,662245.000000,679575.000000,0.000000,65980.000000,1,1,0,606587.000000,613595.000000,0.000000,95932.000000,7,1,0,497078.000000,517663.000000,0.000000,110592.000000,5,1,0,348555.000000,407071.000000,0.000000,103693.000000,0,0,0,0.000000,0.000000,0.000000,45530.000000,7,0,0,0.000000,0.000000,0.000000,101576.000000,0,0,0,0.000000,0.000000,0.000000,68950.000000,0,0,0,0.000000,0.000000,0.000000,42929.000000,0,0,0,0.000000,0.000000,0.000000,4825.000000,10,0,0,0.000000,0.000000,0.000000,25667.000000
236,661169.000000,646870.792373,0.000000,1,1,1,0,672567.000000,679575.000000,0.000000,86099.000000,6,1,0,570607.000000,593476.000000,0.000000,74527.000000,9,1,0,489857.000000,518949.000000,0.000000,120779.000000,3,1,0,361851.000000,398170.000000,0.000000,68913.000000,8,1,0,311927.000000,329257.000000,0.000000,99525.000000,6,0,0,0.000000,0.000000,0.000000,75743.000000,1,1,0,143016.000000,153989.000000,0.000000,34315.000000,6,0,0,0.000000,0.000000,0.000000,46056.000000,3,0,0,0.000000,0.000000,0.000000,17566.000000,5,0,0,0.000000,0.000000,0.000000,37646.000000
237,655527.000000,646907.316456,0.000000,1,7,1,0,658990.000000,679575.000000,0.000000,41768.000000,0,0,0,0.000000,0.000000,0.000000,131815.000000,9,1,0,476900.000000,505992.000000,0.000000,142910.000000,8,1,0,343442.000000,363082.000000,0.000000,93041.000000,4,0,0,0.000000,0.000000,0.000000,76255.000000,6,0,0,0.000000,0.000000,0.000000,72811.000000,0,0,0,0.000000,0.000000,0.000000,65223.000000,8,0,0,0.000000,0.000000,0.000000,18427.000000,0,0,0,0.000000,0.000000,0.000000,7929.000000,0,0,0,0.000000,0.000000,0.000000,5348.000000
238,653325.000000,646934.281513,0.000000,1,1,1,0,672567.000000,679575.000000,0.000000,73112.000000,5,1,0,570194.000000,606463.000000,0.000000,102917.000000,10,1,0,447510.000000,503546.000000,0.000000,103807.000000,9,1,0,360760.000000,399739.000000,0.000000,67216.000000,2,0,0,0.000000,0.000000,0.000000,98206.000000,3,0,0,0.000000,0.000000,0.000000,32132.000000,0,0,0,0.000000,0.000000,0.000000,65573.000000,3,0,0,0.000000,0.000000,0.000000,59363.000000,4,0,0,0.000000,0.000000,0.000000,35212.000000,9,0,0,0.000000,0.000000,0.000000,15787.000000
239,651450.000000,646953.175732,0.000000,1,5,1,0,643306.000000,679575.000000,0.000000,104560.000000,3,1,0,535616.000000,575015.000000,0.000000,79509.000000,5,1,0,457209.000000,495506.000000,0.000000,78640.000000,4,1,0,394865.000000,416866.000000,0.000000,156430.000000,0,0,0,0.000000,0.000000,0.000000,39099.000000,2,0,0,0.000000,0.000000,0.000000,75438.000000,0,0,0,0.000000,0.000000,0.000000,80945.000000,7,0,0,0.000000,0.000000,0.000000,15895.000000,1,0,0,0.000000,0.000000,0.000000,9511.000000,4,0,0,0.000000,0.000000,0.000000,11423.000000
240,653608.000000,646980.904167,0.000000,1,8,1,0,662245.000000,679575.000000,0.000000,93322.000000,2,1,0,527282.000000,586253.000000,0.000000,118646.000000,2,0,0,0.000000,0.000000,0.000000,41484.000000,5,1,0,385434.000000,426123.000000,0.000000,97461.000000,10,0,0,0.000000,0.000000,0.000000,54274.000000,8,0,0,0.000000,0.000000,0.000000,77124.000000,6,0,0,0.000000,0.000000,0.000000,48123.000000,0,0,0,0.000000,0.000000,0.000000,64805.000000,8,0,0,0.000000,0.000000,0.000000,37566.000000,8,0,0,0.000000,0.000000,0.000000,20803.000000
241,679575.000000,647116.149378,0.000000,1,4,1,0,661662.000000,679575.000000,0.000000,118379.000000,4,1,0,543283.000000,561196.000000,0.000000,61054.000000,9,1,0,468030.000000,500142.000000,0.000000,125811.000000,8,1,0,357001.000000,374331.000000,0.000000,80622.000000,1,1,0,284986.000000,293709.000000,0.000000,64749.000000,10,0,0,0.000000,0.000000,0.000000,77551.000000,7,0,0,0.000000,0.000000,0.000000,22824.000000,1,0,0,0.000000,0.000000,0.000000,15861.000000,0,0,0,0.000000,0.000000,0.000000,79417.000000,9,0,0,0.000000,0.000000,0.000000,33307.000000
242,626064.000000,647029.157025,0.000000,1,2,1,0,620604.000000,679575.000000,0.000000,109268.000000,2,1,0,511336.000000,570307.000000,0.000000,74824.000000,5,1,0,457004.000000,495483.000000,0.000000,103361.000000,3,0,0,0.000000,0.000000,0.000000,77534.000000,4,0,0,0.000000,0.000000,0.000000,53814.000000,8,0,0,0.000000,0.000000,0.000000,70591.000000,0,0,0,0.000000,0.000000,0.000000,52678.000000,8,0,0,0.000000,0.000000,0.000000,51031.000000,0,0,0,0.000000,0.000000,0.000000,18466.000000,2,0,0,0.000000,0.000000,0.000000,14497.000000
243,601705.000000,646842.637860,0.000000,1,5,1,0,643306.000000,679575.000000,0.000000,92237.000000,10,1,0,536097.000000,587338.000000,0.000000,144053.000000,3,0,0,0.000000,0.000000,0.000000,98547.000000,4,1,0,325825.000000,344738.000000,0.000000,86867.000000,3,0,0,0.000000,0.000000,0.000000,60147.000000,1,0,0,0.000000,0.000000,0.000000,41532.000000,7,0,0,0.000000,0.000000,0.000000,41932.000000,4,0,0,0.000000,0.000000,0.000000,13999.000000,6,0,0,0.000000,0.000000,0.000000,22391.000000,1,0,0,0.000000,0.000000,0.000000,0.000000
244,641787.000000,646821.918033,0.000000,1,6,1,0,656706.000000,679575.000000,0.000000,91923.000000,8,1,0,570322.000000,587652.000000,0.000000,66001.000000,9,1,0,482744.000000,521651.000000,0.000000,75622.000000,4,1,0,423028.000000,446029.000000,0.000000,77637.000000,2,0,0,0.000000,0.000000,0.000000,45660.000000,3,0,0,0.000000,0.000000,0.000000,109824.000000,5,0,0,0.000000,0.000000,0.000000,33478.000000,7,0,0,0.000000,0.000000,0.000000,49714.000000,8,0,0,0.000000,0.000000,0.000000,37847.000000,7,0,0,0.000000,0.000000,0.000000,54081.000000
245,649839.000000,646834.232653,0.000000,1,0,0,0,0.000000,0.000000,0.000000,70466.000000,3,1,0,572790.000000,609109.000000,0.000000,107844.000000,1,1,0,494257.000000,501265.000000,0.000000,79035.000000,10,1,0,363723.000000,422230.000000,0.000000,161584.000000,7,0,0,0.000000,0.000000,0.000000,38703.000000,3,0,0,0.000000,0.000000,0.000000,42607.000000,5,0,0,0.000000,0.000000,0.000000,89445.000000,3,0,0,0.000000,0.000000,0.000000,29337.000000,0,0,0,0.000000,0.000000,0.000000,22720.000000,0,0,0,0.000000,0.000000,0.000000,8098.000000
246,653583.000000,646861.666667,0.000000,1,9,1,0,650483.000000,679575.000000,0.000000,131578.000000,0,0,0,0.000000,0.000000,0.000000,66460.000000,4,1,0,463624.000000,481537.000000,0.000000,105738.000000,6,0,0,0.000000,0.000000,0.000000,99236.000000,6,0,0,0.000000,0.000000,0.000000,98537.000000,7,0,0,0.000000,0.000000,0.000000,56815.000000,10,0,0,0.000000,0.000000,0.000000,53991.000000,0,0,0,0.000000,0.000000,0.000000,12657.000000,6,0,0,0.000000,0.000000,0.000000,17473.000000,10,0,0,0.000000,0.000000,0.000000,11098.000000
247,652536.000000,646884.639676,0.000000,1,8,1,0,662245.000000,679575.000000,0.000000,112313.000000,3,1,0,525038.000000,567262.000000,0.000000,120079.000000,0,0,0,0.000000,0.000000,0.000000,95547.000000,4,0,0,0.000000,0.000000,0.000000,73007.000000,0,0,0,0.000000,0.000000,0.000000,65342.000000,3,0,0,0.000000,0.000000,0.000000,60946.000000,7,0,0,0.000000,0.000000,0.000000,62209.000000,8,0,0,0.000000,0.000000,0.000000,14882.000000,5,0,0,0.000000,0.000000,0.000000,30248.000000,9,0,0,0.000000,0.000000,0.000000,17963.000000
248,677097.000000,647006.463710,0.000000,1,2,1,0,620604.000000,679575.000000,0.000000,126190.000000,6,1,0,530516.000000,553385.000000,0.000000,123794.000000,1,1,0,422583.000000,429591.000000,0.000000,80104.000000,0,0,0,0.000000,0.000000,0.000000,68630.000000,0,0,0,0.000000,0.000000,0.000000,81528.000000,3,0,0,0.000000,0.000000,0.000000,90480.000000,9,0,0,0.000000,0.000000,0.000000,68623.000000,2,0,0,0.000000,0.000000,0.000000,12771.000000,4,0,0,0.000000,0.000000,0.000000,19919.000000,10,0,0,0.000000,0.000000,0.000000,5058.000000
249,628784.000000,646933.281124,0.000000,1,5,1,0,643306.000000,679575.000000,0.000000,54928.000000,5,1,0,588378.000000,624647.000000,0.000000,46733.000000,0,0,0,0.000000,0.000000,0.000000,143374.000000,6,1,0,407395.000000,431863.000000,0.000000,47892.000000,8,1,0,361287.000000,376042.000000,0.000000,86498.000000,0,0,0,0.000000,0.000000,0.000000,82235.000000,10,0,0,0.000000,0.000000,0.000000,46765.000000,7,0,0,0.000000,0.000000,0.000000,67341.000000,9,0,0,0.000000,0.000000,0.000000,43097.000000,7,0,0,0.000000,0.000000,0.000000,9921.000000
250,665580.000000,647007.868000,0.000000,1,0,0,0,0.000000,0.000000,0.000000,64160.000000,8,1,0,598085.000000,615415.000000,0.000000,94118.000000,3,1,0,484978.000000,521297.000000,0.000000,82235.000000,7,0,0,0.000000,0.000000,0.000000,122904.000000,4,1,0,296245.000000,316158.000000,0.000000,76139.000000,3,0,0,0.000000,0.000000,0.000000,59416.000000,0,0,0,0.000000,0.000000,0.000000,41953.000000,1,1,0,124894.000000,132425.000000,0.000000,63088.000000,0,0,0,0.000000,0.000000,0.000000,50818.000000,2,0,0,0.000000,0.000000,0.000000,10749.000000
251,636265.000000,646965.067729,0.000000,1,7,1,0,658990.000000,679575.000000,0.000000,115990.000000,1,1,0,556577.000000,563585.000000,0.000000,45337.000000,2,1,0,459277.000000,518248.000000,0.000000,68989.000000,9,1,0,414858.000000,449259.000000,0.000000,96873.000000,3,0,0,0.000000,0.000000,0.000000,137735.000000,0,0,0,0.000000,0.000000,0.000000,30872.000000,5,0,0,0.000000,0.000000,0.000000,33553.000000,6,0,0,0.000000,0.000000,0.000000,36118.000000,10,0,0,0.000000,0.000000,0.000000,57687.000000,7,0,0,0.000000,0.000000,0.000000,13111.000000
252,679575.000000,647094.472222,0.000000,1,1,1,0,672567.000000,679575.000000,0.000000,98930.000000,10,1,0,529404.000000,580645.000000,0.000000,110953.000000,0,0,0,0.000000,0.000000,0.000000,81359.000000,9,0,0,0.000000,0.000000,0.000000,113365.000000,0,0,0,0.000000,0.000000,0.000000,50295.000000,3,0,0,0.000000,0.000000,0.000000,104230.000000,0,0,0,0.000000,0.000000,0.000000,40570.000000,9,0,0,0.000000,0.000000,0.000000,54386.000000,0,0,0,0.000000,0.000000,0.000000,13419.000000,8,0,0,0.000000,0.000000,0.000000,12068.000000
253,653053.000000,647118.023715,0.000000,1,0,0,0,0.000000,0.000000,0.000000,120710.000000,6,1,0,535996.000000,558865.000000,0.000000,144727.000000,3,0,0,0.000000,0.000000,0.000000,100519.000000,5,0,0,0.000000,0.000000,0.000000,90818.000000,9,0,0,0.000000,0.000000,0.000000,61747.000000,0,0,0,0.000000,0.000000,0.000000,30488.000000,8,0,0,0.000000,0.000000,0.000000,22333.000000,7,0,0,0.000000,0.000000,0.000000,41855.000000,3,0,0,0.000000,0.000000,0.000000,33251.000000,9,0,0,0.000000,0.000000,0.000000,6605.000000
254,661983.000000,647176.547244,0.000000,1,2,1,0,620604.000000,679575.000000,0.000000,95878.000000,9,1,0,554605.000000,583697.000000,0.000000,175477.000000,2,0,0,0.000000,0.000000,0.000000,60787.000000,10,0,0,0.000000,0.000000,0.000000,107333.000000,10,0,0,0.000000,0.000000,0.000000,85489.000000,5,0,0,0.000000,0.000000,0.000000,62774.000000,6,0,0,0.000000,0.000000,0.000000,25964.000000,0,0,0,0.000000,0.000000,0.000000,17196.000000,1,0,0,0.000000,0.000000,0.000000,23951.000000,5,0,0,0.000000,0.000000,0.000000,7134.000000
255,632951.000000,647120.760784,0.000000,1,0,0,0,0.000000,0.000000,0.000000,99157.000000,0,0,0,0.000000,0.000000,0.000000,111460.000000,10,1,0,407152.000000,468958.000000,0.000000,139806.000000,5,0,0,0.000000,0.000000,0.000000,38482.000000,3,0,0,0.000000,0.000000,0.000000,101665.000000,0,0,0,0.000000,0.000000,0.000000,47008.000000,0,0,0,0.000000,0.000000,0.000000,28289.000000,7,0,0,0.000000,0.000000,0.000000,29075.000000,10,0,0,0.000000,0.000000,0.000000,27065.000000,9,0,0,0.000000,0.000000,0.000000,10944.000000
256,641944.000000,647100.539062,0.000000,1,7,1,0,658990.000000,679575.000000,0.000000,113334.000000,1,1,0,559233.000000,566241.000000,0.000000,93450.000000,0,0,0,0.000000,0.000000,0.000000,61950.000000,0,0,0,0.000000,0.000000,0.000000,81259.000000,9,0,0,0.000000,0.000000,0.000000,79412.000000,3,0,0,0.000000,0.000000,0.000000,93387.000000,0,0,0,0.000000,0.000000,0.000000,23318.000000,4,0,0,0.000000,0.000000,0.000000,62373.000000,2,0,0,0.000000,0.000000,0.000000,9994.000000,3,0,0,0.000000,0.000000,0.000000,23467.000000
257,662008.000000,647158.544747,0.000000,1,0,0,0,0.000000,0.000000,0.000000,117081.000000,7,1,0,541909.000000,562494.000000,0.000000,92765.000000,7,1,0,449144.000000,469729.000000,0.000000,87102.000000,6,1,0,354605.000000,382627.000000,0.000000,86611.000000,3,0,0,0.000000,0.000000,0.000000,116813.000000,9,0,0,0.000000,0.000000,0.000000,35783.000000,7,0,0,0.000000,0.000000,0.000000,36731.000000,5,0,0,0.000000,0.000000,0.000000,61836.000000,6,0,0,0.000000,0.000000,0.000000,27286.000000,2,0,0,0.000000,0.000000,0.000000,0.000000
258,631582.000000,647098.170543,0.000000,1,9,1,0,650483.000000,679575.000000,0.000000,103767.000000,2,1,0,516837.000000,575808.000000,0.000000,63832.000000,0,0,0,0.000000,0.000000,0.000000,112881.000000,1,1,0,392087.000000,399095.000000,0.000000,78146.000000,7,0,0,0.000000,0.000000,0.000000,76454.000000,2,0,0,0.000000,0.000000,0.000000,73878.000000,6,0,0,0.000000,0.000000,0.000000,52188.000000,5,0,0,0.000000,0.000000,0.000000,29090.000000,0,0,0,0.000000,0.000000,0.000000,29051.000000,0,0,0,0.000000,0.000000,0.000000,12295.000000
259,647698.000000,647100.486486,0.000000,1,2,1,0,620604.000000,679575.000000,0.000000,60936.000000,3,1,0,582320.000000,618639.000000,0.000000,154903.000000,7,1,0,443151.000000,463736.000000,0.000000,95019.000000,6,1,0,336488.000000,368717.000000,0.000000,67652.000000,0,0,0,0.000000,0.000000,0.000000,55730.000000,5,0,0,0.000000,0.000000,0.000000,61934.000000,7,0,0,0.000000,0.000000,0.000000,52136.000000,5,0,0,0.000000,0.000000,0.000000,37059.000000,4,0,0,0.000000,0.000000,0.000000,27730.000000,8,0,0,0.000000,0.000000,0.000000,34599.000000
260,654744.000000,647129.884615,0.000000,1,6,1,0,656706.000000,679575.000000,0.000000,109365.000000,0,0,0,0.000000,0.000000,0.000000,120007.000000,10,1,0,398962.000000,450203.000000,0.000000,120601.000000,9,0,0,0.000000,0.000000,0.000000,105868.000000,6,0,0,0.000000,0.000000,0.000000,95115.000000,1,0,0,0.000000,0.000000,0.000000,23667.000000,9,0,0,0.000000,0.000000,0.000000,37047.000000,4,0,0,0.000000,0.000000,0.000000,20828.000000,5,0,0,0.000000,0.000000,0.000000,8757.000000,0,0,0,0.000000,0.000000,0.000000,13489.000000
261,653932.000000,647155.946360,0.000000,1,8,1,0,662245.000000,679575.000000,0.000000,92319.000000,10,1,0,536015.000000,587256.000000,0.000000,82658.000000,6,1,0,474246.000000,504598.000000,0.000000,78961.000000,1,1,0,416571.000000,425637.000000,0.000000,80811.000000,1,1,0,335417.000000,344826.000000,0.000000,59075.000000,4,1,0,254670.000000,279282.000000,0.000000,66916.000000,1,1,0,184891.000000,195754.000000,0.000000,71798.000000,6,0,0,0.000000,0.000000,0.000000,81005.000000,1,0,0,0.000000,0.000000,0.000000,17902.000000,2,0,0,0.000000,0.000000,0.000000,22487.000000
262,635299.000000,647110.690840,0.000000,1,8,1,0,662245.000000,679575.000000,0.000000,107085.000000,0,0,0,0.000000,0.000000,0.000000,106618.000000,3,1,0,429553.000000,465872.000000,0.000000,88983.000000,3,1,0,338260.000000,376889.000000,0.000000,62526.000000,7,1,0,289906.000000,314363.000000,0.000000,73319.000000,4,0,0,0.000000,0.000000,0.000000,105098.000000,5,0,0,0.000000,0.000000,0.000000,29371.000000,3,0,0,0.000000,0.000000,0.000000,37689.000000,3,0,0,0.000000,0.000000,0.000000,16579.000000,4,0,0,0.000000,0.000000,0.000000,8031.000000
263,655734.000000,647143.479087,0.000000,1,3,1,0,643256.000000,679575.000000,0.000000,60221.000000,3,1,0,583035.000000,619354.000000,0.000000,121816.000000,2,1,0,438567.000000,497538.000000,0.000000,161999.000000,8,1,0,317499.000000,335539.000000,0.000000,86050.000000,0,0,0,0.000000,0.000000,0.000000,54942.000000,9,0,0,0.000000,0.000000,0.000000,95230.000000,7,0,0,0.000000,0.000000,0.000000,39193.000000,1,0,0,0.000000,0.000000,0.000000,18256.000000,5,0,0,0.000000,0.000000,0.000000,10080.000000,2,0,0,0.000000,0.000000,0.000000,7947.000000
264,659546.000000,647190.458333,0.000000,1,1,1,0,672567.000000,679575.000000,0.000000,115958.000000,9,1,0,534525.000000,563617.000000,0.000000,44402.000000,9,1,0,490123.000000,519215.000000,0.000000,108587.000000,4,1,0,387247.000000,407807.000000,0.000000,91277.000000,0,0,0,0.000000,0.000000,0.000000,120047.000000,4,0,0,0.000000,0.000000,0.000000,27034.000000,10,0,0,0.000000,0.000000,0.000000,53593.000000,8,0,0,0.000000,0.000000,0.000000,45091.000000,5,0,0,0.000000,0.000000,0.000000,31459.000000,0,0,0,0.000000,0.000000,0.000000,22098.000000
265,633053.000000,647137.109434,0.000000,1,8,1,0,662245.000000,679575.000000,0.000000,84299.000000,2,1,0,536305.000000,595276.000000,0.000000,68199.000000,10,1,0,475836.000000,527077.000000,0.000000,79796.000000,0,0,0,0.000000,0.000000,0.000000,103010.000000,10,1,0,280222.000000,344271.000000,0.000000,86572.000000,2,0,0,0.000000,0.000000,0.000000,65307.000000,6,0,0,0.000000,0.000000,0.000000,82042.000000,0,0,0,0.000000,0.000000,0.000000,4606.000000,0,0,0,0.000000,0.000000,0.000000,20478.000000,4,0,0,0.000000,0.000000,0.000000,38744.000000
266,670075.000000,647223.342105,0.000000,1,4,1,0,661662.000000,679575.000000,0.000000,84379.000000,3,1,0,558877.000000,595196.000000,0.000000,60880.000000,10,1,0,483075.000000,534316.000000,0.000000,162228.000000,7,0,0,0.000000,0.000000,0.000000,97920.000000,2,0,0,0.000000,0.000000,0.000000,115190.000000,0,0,0,0.000000,0.000000,0.000000,44376.000000,6,0,0,0.000000,0.000000,0.000000,45349.000000,7,0,0,0.000000,0.000000,0.000000,30404.000000,10,0,0,0.000000,0.000000,0.000000,24846.000000,9,0,0,0.000000,0.000000,0.000000,4503.000000
267,669480.000000,647306.700375,0.000000,1,6,1,0,656706.000000,679575.000000,0.000000,70775.000000,0,0,0,0.000000,0.000000,0.000000,71969.000000,5,1,0,500562.000000,536831.000000,0.000000,117492.000000,10,0,0,0.000000,0.000000,0.000000,151353.000000,0,0,0,0.000000,0.000000,0.000000,51427.000000,0,0,0,0.000000,0.000000,0.000000,68054.000000,0,0,0,0.000000,0.000000,0.000000,36947.000000,1,1,1,101463.000000,98258.000000,20980.000000,31564.000000,3,0,0,0.000000,0.000000,0.000000,38010.000000,9,0,0,0.000000,0.000000,0.000000,10909.000000
268,658827.000000,647349.686567,0.000000,1,2,1,0,620604.000000,679575.000000,0.000000,79758.000000,8,1,0,582487.000000,599817.000000,0.000000,105092.000000,9,1,0,465633.000000,494725.000000,0.000000,101820.000000,9,1,0,356402.000000,392905.000000,0.000000,76384.000000,1,1,0,306824.000000,316521.000000,0.000000,34262.000000,2,0,0,0.000000,0.000000,0.000000,95142.000000,9,0,0,0.000000,0.000000,0.000000,61989.000000,4,0,0,0.000000,0.000000,0.000000,34239.000000,5,0,0,0.000000,0.000000,0.000000,39961.000000,0,0,0,0.000000,0.000000,0.000000,30180.000000
269,648999.000000,647355.817844,0.000000,1,9,1,0,650483.000000,679575.000000,0.000000,97896.000000,2,1,0,522708.000000,581679.000000,0.000000,132518.000000,1,1,0,442153.000000,449161.000000,0.000000,64742.000000,0,0,0,0.000000,0.000000,0.000000,73633.000000,0,0,0,0.000000,0.000000,0.000000,59499.000000,2,0,0,0.000000,0.000000,0.000000,44601.000000,4,0,0,0.000000,0.000000,0.000000,37060.000000,3,0,0,0.000000,0.000000,0.000000,57944.000000,7,0,0,0.000000,0.000000,0.000000,37923.000000,1,0,0,0.000000,0.000000,0.000000,43183.000000
270,661894.000000,647409.662963,0.000000,1,0,0,0,0.000000,0.000000,0.000000,83174.000000,3,1,0,560082.000000,596401.000000,0.000000,83790.000000,6,1,0,489742.000000,512611.000000,0.000000,87465.000000,2,1,0,366175.000000,425146.000000,0.000000,95005.000000,4,1,0,312228.000000,330141.000000,0.000000,79033.000000,3,0,0,0.000000,0.000000,0.000000,62402.000000,9,0,0,0.000000,0.000000,0.000000,99039.000000,0,0,0,0.000000,0.000000,0.000000,13649.000000,6,0,0,0.000000,0.000000,0.000000,40285.000000,3,0,0,0.000000,0.000000,0.000000,18052.000000
271,599705.000000,647233.630996,0.000000,1,7,1,0,658990.000000,679575.000000,0.000000,58942.000000,0,0,0,0.000000,0.000000,0.000000,98530.000000,6,1,0,499234.000000,522103.000000,0.000000,83245.000000,2,0,0,0.000000,0.000000,0.000000,96458.000000,0,0,0,0.000000,0.000000,0.000000,51695.000000,3,0,0,0.000000,0.000000,0.000000,37259.000000,8,0,0,0.000000,0.000000,0.000000,94112.000000,8,0,0,0.000000,0.000000,0.000000,68366.000000,4,0,0,0.000000,0.000000,0.000000,5926.000000,10,0,0,0.000000,0.000000,0.000000,5172.000000
272,622300.000000,647141.963235,0.000000,1,3,1,0,643256.000000,679575.000000,0.000000,52296.000000,9,1,0,598187.000000,627279.000000,0.000000,78350.000000,0,0,0,0.000000,0.000000,0.000000,74791.000000,2,1,0,413883.000000,474138.000000,0.000000,90888.000000,7,1,0,360621.000000,383250.000000,0.000000,42672.000000,8,1,0,318001.000000,335331.000000,0.000000,69862.000000,1,1,0,250566.000000,260222.000000,0.000000,111890.000000,5,0,0,0.000000,0.000000,0.000000,52537.000000,0,0,0,0.000000,0.000000,0.000000,20898.000000,4,0,0,0.000000,0.000000,0.000000,28116.000000
273,629211.000000,647076.282051,0.000000,1,0,0,0,0.000000,0.000000,0.000000,124608.000000,0,0,0,0.000000,0.000000,0.000000,72463.000000,9,1,0,448882.000000,482504.000000,0.000000,144732.000000,2,0,0,0.000000,0.000000,0.000000,63858.000000,1,1,0,266906.000000,273914.000000,0.000000,72605.000000,0,0,0,0.000000,0.000000,0.000000,37180.000000,4,0,0,0.000000,0.000000,0.000000,47270.000000,7,0,0,0.000000,0.000000,0.000000,24336.000000,10,0,0,0.000000,0.000000,0.000000,32034.000000,8,0,0,0.000000,0.000000,0.000000,10125.000000
274,657738.000000,647115.193431,0.000000,1,4,1,0,661662.000000,679575.000000,0.000000,132057.000000,7,1,0,526933.000000,547518.000000,0.000000,86302.000000,2,1,0,388779.000000,461216.000000,0.000000,125616.000000,7,1,0,313046.000000,335600.000000,0.000000,146174.000000,3,0,0,0.000000,0.000000,0.000000,43590.000000,6,0,0,0.000000,0.000000,0.000000,44714.000000,6,0,0,0.000000,0.000000,0.000000,20839.000000,9,0,0,0.000000,0.000000,0.000000,7296.000000,2,0,0,0.000000,0.000000,0.000000,32516.000000,2,0,0,0.000000,0.000000,0.000000,18634.000000
275,666703.000000,647186.421818,0.000000,1,5,1,0,643306.000000,679575.000000,0.000000,97963.000000,0,0,0,0.000000,0.000000,0.000000,38150.000000,10,1,0,492221.000000,543462.000000,0.000000,61902.000000,1,1,0,471560.000000,478911.000000,0.000000,109167.000000,2,0,0,0.000000,0.000000,0.000000,94718.000000,2,0,0,0.000000,0.000000,0.000000,84408.000000,8,0,0,0.000000,0.000000,0.000000,38200.000000,0,0,0,0.000000,0.000000,0.000000,50489.000000,5,0,0,0.000000,0.000000,0.000000,45476.000000,0,0,0,0.000000,0.000000,0.000000,46230.000000
276,656650.000000,647220.710145,0.000000,1,0,0,0,0.000000,0.000000,0.000000,102879.000000,0,0,0,0.000000,0.000000,0.000000,62486.000000,2,1,0,444967.000000,514210.000000,0.000000,83377.000000,0,0,0,0.000000,0.000000,0.000000,124018.000000,9,0,0,0.000000,0.000000,0.000000,120886.000000,10,0,0,0.000000,0.000000,0.000000,67288.000000,8,0,0,0.000000,0.000000,0.000000,59921.000000,6,0,0,0.000000,0.000000,0.000000,20097.000000,3,0,0,0.000000,0.000000,0.000000,4475.000000,5,0,0,0.000000,0.000000,0.000000,11223.000000
277,661328.000000,647271.638989,0.000000,1,6,1,0,656706.000000,679575.000000,0.000000,101973.000000,3,1,0,541283.000000,577602.000000,0.000000,56867.000000,1,1,0,513727.000000,520735.000000,0.000000,102632.000000,5,1,0,366420.000000,418103.000000,0.000000,75812.000000,5,0,0,0.000000,0.000000,0.000000,67594.000000,2,0,0,0.000000,0.000000,0.000000,69739.000000,2,0,0,0.000000,0.000000,0.000000,76678.000000,9,0,0,0.000000,0.000000,0.000000,50797.000000,2,0,0,0.000000,0.000000,0.000000,19403.000000,6,0,0,0.000000,0.000000,0.000000,39833.000000
278,629138.000000,647206.410072,0.000000,1,3,1,0,643256.000000,679575.000000,0.000000,89322.000000,2,1,0,531282.000000,590253.000000,0.000000,92375.000000,4,1,0,479965.000000,497878.000000,0.000000,91190.000000,5,1,0,342633.000000,406688.000000,0.000000,84781.000000,10,0,0,0.000000,0.000000,0.000000,174590.000000,7,0,0,0.000000,0.000000,0.000000,33721.000000,8,0,0,0.000000,0.000000,0.000000,40778.000000,6,0,0,0.000000,0.000000,0.000000,14002.000000,3,0,0,0.000000,0.000000,0.000000,3762.000000,8,0,0,0.000000,0.000000,0.000000,4617.000000
279,647499.000000,647207.458781,0.000000,1,2,1,0,620604.000000,679575.000000,0.000000,101553.000000,4,1,0,560109.000000,578022.000000,0.000000,85513.000000,4,1,0,474596.000000,492509.000000,0.000000,100762.000000,9,1,0,362655.000000,391747.000000,0.000000,93367.000000,7,0,0,0.000000,0.000000,0.000000,74067.000000,3,0,0,0.000000,0.000000,0.000000,59336.000000,8,0,0,0.000000,0.000000,0.000000,79369.000000,5,0,0,0.000000,0.000000,0.000000,24889.000000,3,0,0,0.000000,0.000000,0.000000,25889.000000,10,0,0,0.000000,0.000000,0.000000,2754.000000
280,627112.000000,647135.689286,0.000000,1,7,1,0,658990.000000,679575.000000,0.000000,46203.000000,8,1,0,616042.000000,633372.000000,0.000000,83203.000000,0,0,0,0.000000,0.000000,0.000000,127780.000000,1,1,0,415381.000000,422389.000000,0.000000,124486.000000,6,0,0,0.000000,0.000000,0.000000,64634.000000,8,0,0,0.000000,0.000000,0.000000,62173.000000,0,0,0,0.000000,0.000000,0.000000,51684.000000,1,0,0,0.000000,0.000000,0.000000,11809.000000,8,0,0,0.000000,0.000000,0.000000,41872.000000,6,0,0,0.000000,0.000000,0.000000,13268.000000
281,671623.000000,647222.832740,0.000000,1,4,1,0,661662.000000,679575.000000,0.000000,82982.000000,1,1,0,589585.000000,596593.000000,0.000000,92250.000000,5,1,0,463654.000000,504343.000000,0.000000,147981.000000,7,0,0,0.000000,0.000000,0.000000,102587.000000,1,0,0,0.000000,0.000000,0.000000,68906.000000,0,0,0,0.000000,0.000000,0.000000,72781.000000,4,0,0,0.000000,0.000000,0.000000,50089.000000,0,0,0,0.000000,0.000000,0.000000,21557.000000,0,0,0,0.000000,0.000000,0.000000,11170.000000,2,0,0,0.000000,0.000000,0.000000,21320.000000
282,604651.000000,647071.868794,0.000000,1,4,1,0,661662.000000,679575.000000,0.000000,79893.000000,2,1,0,540711.000000,599682.000000,0.000000,88292.000000,7,1,0,490805.000000,511390.000000,0.000000,167934.000000,4,1,0,323791.000000,343456.000000,0.000000,67422.000000,8,0,0,0.000000,0.000000,0.000000,49004.000000,1,0,0,0.000000,0.000000,0.000000,34444.000000,7,0,0,0.000000,0.000000,0.000000,37533.000000,5,0,0,0.000000,0.000000,0.000000,47257.000000,1,0,0,0.000000,0.000000,0.000000,16290.000000,4,0,0,0.000000,0.000000,0.000000,16582.000000
283,663879.000000,647131.257951,0.000000,1,8,1,0,662245.000000,679575.000000,0.000000,68207.000000,2,1,0,552397.000000,611368.000000,0.000000,69070.000000,10,1,0,491057.000000,542298.000000,0.000000,124682.000000,0,0,0,0.000000,0.000000,0.000000,87694.000000,8,1,0,306654.000000,329922.000000,0.000000,85308.000000,7,0,0,0.000000,0.000000,0.000000,60398.000000,7,0,0,0.000000,0.000000,0.000000,64493.000000,0,0,0,0.000000,0.000000,0.000000,24162.000000,4,0,0,0.000000,0.000000,0.000000,48834.000000,0,0,0,0.000000,0.000000,0.000000,31031.000000
284,664336.000000,647191.838028,0.000000,1,0,0,0,0.000000,0.000000,0.000000,59259.000000,0,0,0,0.000000,0.000000,0.000000,130527.000000,6,1,0,457560.000000,489789.000000,0.000000,105862.000000,0,0,0,0.000000,0.000000,0.000000,103416.000000,5,0,0,0.000000,0.000000,0.000000,107577.000000,1,0,0,0.000000,0.000000,0.000000,40129.000000,1,0,0,0.000000,0.000000,0.000000,32853.000000,3,0,0,0.000000,0.000000,0.000000,41785.000000,5,0,0,0.000000,0.000000,0.000000,33471.000000,1,0,0,0.000000,0.000000,0.000000,9457.000000
285,655252.000000,647220.119298,0.000000,1,4,1,0,661662.000000,679575.000000,0.000000,120454.000000,9,1,0,530029.000000,559121.000000,0.000000,95720.000000,5,1,0,427132.000000,463401.000000,0.000000,42686.000000,9,1,0,389358.000000,420715.000000,0.000000,89304.000000,2,0,0,0.000000,0.000000,0.000000,94826.000000,6,0,0,0.000000,0.000000,0.000000,78610.000000,0,0,0,0.000000,0.000000,0.000000,86390.000000,7,0,0,0.000000,0.000000,0.000000,29711.000000,9,0,0,0.000000,0.000000,0.000000,17551.000000,8,0,0,0.000000,0.000000,0.000000,0.000000
286,615905.000000,647110.625874,0.000000,1,5,1,0,643306.000000,679575.000000,0.000000,72522.000000,1,1,0,600045.000000,607053.000000,0.000000,76419.000000,8,1,0,509754.000000,530634.000000,0.000000,72420.000000,0,0,0,0.000000,0.000000,0.000000,115507.000000,9,0,0,0.000000,0.000000,0.000000,61566.000000,1,1,1,266995.000000,257762.000000,21803.000000,41980.000000,4,0,0,0.000000,0.000000,0.000000,97784.000000,9,0,0,0.000000,0.000000,0.000000,19380.000000,7,0,0,0.000000,0.000000,0.000000,28623.000000,2,0,0,0.000000,0.000000,0.000000,7901.000000
287,657273.000000,647146.034843,0.000000,1,5,1,0,643306.000000,679575.000000,0.000000,57620.000000,7,1,0,601370.000000,621955.000000,0.000000,115564.000000,6,1,0,474162.000000,506391.000000,0.000000,140159.000000,3,0,0,0.000000,0.000000,0.000000,46325.000000,2,0,0,0.000000,0.000000,0.000000,138512.000000,0,0,0,0.000000,0.000000,0.000000,50748.000000,2,0,0,0.000000,0.000000,0.000000,53853.000000,3,0,0,0.000000,0.000000,0.000000,27271.000000,7,0,0,0.000000,0.000000,0.000000,26227.000000,3,0,0,0.000000,0.000000,0.000000,994.000000
288,659828.000000,647190.069444,0.000000,1,0,0,0,0.000000,0.000000,0.000000,125352.000000,5,1,0,517954.000000,554223.000000,0.000000,148929.000000,7,1,0,382037.000000,405294.000000,0.000000,101345.000000,2,0,0,0.000000,0.000000,0.000000,84391.000000,6,0,0,0.000000,0.000000,0.000000,47122.000000,0,0,0,0.000000,0.000000,0.000000,89694.000000,3,0,0,0.000000,0.000000,0.000000,32646.000000,3,0,0,0.000000,0.000000,0.000000,15892.000000,9,0,0,0.000000,0.000000,0.000000,12583.000000,7,0,0,0.000000,0.000000,0.000000,1874.000000
289,648734.000000,647195.411765,0.000000,1,2,1,0,620604.000000,679575.000000,0.000000,82840.000000,10,1,0,545494.000000,596735.000000,0.000000,82095.000000,10,1,0,461323.000000,514640.000000,0.000000,96867.000000,4,1,0,395860.000000,417773.000000,0.000000,95339.000000,7,0,0,0.000000,0.000000,0.000000,126212.000000,3,0,0,0.000000,0.000000,0.000000,46608.000000,7,0,0,0.000000,0.000000,0.000000,29987.000000,0,0,0,0.000000,0.000000,0.000000,23652.000000,5,0,0,0.000000,0.000000,0.000000,24761.000000,0,0,0,0.000000,0.000000,0.000000,40373.000000
290,669758.000000,647273.213793,0.000000,1,2,1,0,620604.000000,679575.000000,0.000000,84741.000000,2,1,0,535863.000000,594834.000000,0.000000,117502.000000,8,1,0,460002.000000,477332.000000,0.000000,129029.000000,0,0,0,0.000000,0.000000,0.000000,64484.000000,4,1,0,262402.000000,283819.000000,0.000000,60861.000000,0,0,0,0.000000,0.000000,0.000000,61323.000000,5,0,0,0.000000,0.000000,0.000000,52132.000000,0,0,0,0.000000,0.000000,0.000000,43215.000000,8,0,0,0.000000,0.000000,0.000000,36456.000000,3,0,0,0.000000,0.000000,0.000000,20015.000000
291,653265.000000,647293.804124,0.000000,1,7,1,0,658990.000000,679575.000000,0.000000,98428.000000,1,1,0,574139.000000,581147.000000,0.000000,70978.000000,3,1,0,473850.000000,510169.000000,0.000000,150760.000000,0,0,0,0.000000,0.000000,0.000000,138200.000000,9,0,0,0.000000,0.000000,0.000000,73749.000000,0,0,0,0.000000,0.000000,0.000000,34266.000000,0,0,0,0.000000,0.000000,0.000000,43766.000000,5,0,0,0.000000,0.000000,0.000000,19790.000000,3,0,0,0.000000,0.000000,0.000000,12746.000000,4,0,0,0.000000,0.000000,0.000000,10582.000000
292,671556.000000,647376.893836,0.000000,1,4,1,0,661662.000000,679575.000000,0.000000,82340.000000,8,1,0,579905.000000,597235.000000,0.000000,78480.000000,7,1,0,498170.000000,518755.000000,0.000000,123956.000000,6,1,0,363378.000000,394799.000000,0.000000,150148.000000,6,0,0,0.000000,0.000000,0.000000,80489.000000,1,0,0,0.000000,0.000000,0.000000,39718.000000,4,0,0,0.000000,0.000000,0.000000,20953.000000,1,0,0,0.000000,0.000000,0.000000,42864.000000,0,0,0,0.000000,0.000000,0.000000,24037.000000,8,0,0,0.000000,0.000000,0.000000,28571.000000
293,606965.000000,647238.969283,0.000000,1,5,1,0,643306.000000,679575.000000,0.000000,59475.000000,4,1,0,602187.000000,620100.000000,0.000000,47503.000000,1,1,0,565589.000000,572597.000000,0.000000,43824.000000,7,1,0,508188.000000,528773.000000,0.000000,114123.000000,10,1,0,359934.000000,409955.000000,0.000000,111796.000000,0,0,0,0.000000,0.000000,0.000000,56487.000000,2,0,0,0.000000,0.000000,0.000000,45565.000000,8,0,0,0.000000,0.000000,0.000000,30572.000000,7,0,0,0.000000,0.000000,0.000000,46489.000000,5,0,0,0.000000,0.000000,0.000000,51131.000000
294,663834.000000,647295.414966,0.000000,1,0,0,0,0.000000,0.000000,0.000000,131800.000000,1,1,0,540767.000000,547775.000000,0.000000,91456.000000,6,1,0,430243.000000,456319.000000,0.000000,82915.000000,1,1,0,366396.000000,373404.000000,0.000000,102956.000000,8,0,0,0.000000,0.000000,0.000000,80839.000000,10,0,0,0.000000,0.000000,0.000000,34994.000000,0,0,0,0.000000,0.000000,0.000000,30426.000000,0,0,0,0.000000,0.000000,0.000000,43491.000000,9,0,0,0.000000,0.000000,0.000000,41709.000000,3,0,0,0.000000,0.000000,0.000000,23248.000000
295,653797.000000,647317.454237,0.000000,1,0,0,0,0.000000,0.000000,0.000000,114934.000000,8,1,0,547311.000000,564641.000000,0.000000,152768.000000,9,1,0,382781.000000,411873.000000,0.000000,78807.000000,0,0,0,0.000000,0.000000,0.000000,64458.000000,7,0,0,0.000000,0.000000,0.000000,91445.000000,0,0,0,0.000000,0.000000,0.000000,44002.000000,5,0,0,0.000000,0.000000,0.000000,22456.000000,3,0,0,0.000000,0.000000,0.000000,36493.000000,6,0,0,0.000000,0.000000,0.000000,9211.000000,10,0,0,0.000000,0.000000,0.000000,39223.000000
296,629088.000000,647255.868243,0.000000,1,10,1,0,628334.000000,679575.000000,0.000000,91813.000000,0,0,0,0.000000,0.000000,0.000000,91253.000000,4,1,0,478596.000000,496509.000000,0.000000,109764.000000,7,1,0,366160.000000,386745.000000,0.000000,64458.000000,5,1,0,281598.000000,322287.000000,0.000000,80394.000000,7,1,0,215848.000000,237370.000000,0.000000,33493.000000,7,0,0,0.000000,0.000000,0.000000,72607.000000,10,0,0,0.000000,0.000000,0.000000,22141.000000,4,0,0,0.000000,0.000000,0.000000,39189.000000,4,0,0,0.000000,0.000000,0.000000,23976.000000
297,589240.000000,647060.528620,0.000000,1,2,1,0,620604.000000,679575.000000,0.000000,79863.000000,1,1,0,592704.000000,599712.000000,0.000000,124864.000000,0,0,0,0.000000,0.000000,0.000000,65262.000000,4,1,0,391673.000000,409586.000000,0.000000,83916.000000,0,0,0,0.000000,0.000000,0.000000,85856.000000,3,0,0,0.000000,0.000000,0.000000,65745.000000,0,0,0,0.000000,0.000000,0.000000,17795.000000,0,0,0,0.000000,0.000000,0.000000,8329.000000,0,0,0,0.000000,0.000000,0.000000,22671.000000,1,1,1,53818.000000,36514.000000,19879.000000,15060.000000
298,626962.000000,646993.083893,0.000000,1,9,1,0,650483.000000,679575.000000,0.000000,77387.000000,10,1,0,550947.000000,602188.000000,0.000000,83220.000000,0,0,0,0.000000,0.000000,0.000000,136407.000000,8,1,0,363691.000000,382561.000000,0.000000,47835.000000,3,0,0,0.000000,0.000000,0.000000,101982.000000,7,0,0,0.000000,0.000000,0.000000,66296.000000,2,0,0,0.000000,0.000000,0.000000,31765.000000,9,0,0,0.000000,0.000000,0.000000,17327.000000,3,0,0,0.000000,0.000000,0.000000,45411.000000,5,0,0,0.000000,0.000000,0.000000,19332.000000
299,665936.000000,647056.438127,0.000000,1,1,1,0,672567.000000,679575.000000,0.000000,88808.000000,10,1,0,539526.000000,590767.000000,0.000000,102690.000000,6,1,0,460528.000000,488077.000000,0.000000,79452.000000,6,1,0,379906.000000,408625.000000,0.000000,59781.000000,0,0,0,0.000000,0.000000,0.000000,130106.000000,10,0,0,0.000000,0.000000,0.000000,64240.000000,3,0,0,0.000000,0.000000,0.000000,41405.000000,10,0,0,0.000000,0.000000,0.000000,55170.000000,10,0,0,0.000000,0.000000,0.000000,26686.000000,9,0,0,0.000000,0.000000,0.000000,17598.000000
300,654795.000000,647082.233333,0.000000,1,10,1,0,628334.000000,679575.000000,0.000000,122089.000000,3,1,0,521167.000000,557486.000000,0.000000,107102.000000,5,1,0,398904.000000,450384.000000,0.000000,54300.000000,3,1,0,347948.000000,396084.000000,0.000000,92495.000000,5,0,0,0.000000,0.000000,0.000000,77036.000000,5,0,0,0.000000,0.000000,0.000000,68919.000000,9,0,0,0.000000,0.000000,0.000000,36163.000000,0,0,0,0.000000,0.000000,0.000000,49511.000000,6,0,0,0.000000,0.000000,0.000000,43682.000000,0,0,0,0.000000,0.000000,0.000000,3498.000000
301,664676.000000,647140.684385,0.000000,1,4,1,0,661662.000000,679575.000000,0.000000,158438.000000,1,1,0,514129.000000,521137.000000,0.000000,89530.000000,2,0,0,0.000000,0.000000,0.000000,84526.000000,8,0,0,0.000000,0.000000,0.000000,48795.000000,9,0,0,0.000000,0.000000,0.000000,100545.000000,6,0,0,0.000000,0.000000,0.000000,106454.000000,9,0,0,0.000000,0.000000,0.000000,26355.000000,6,0,0,0.000000,0.000000,0.000000,20676.000000,4,0,0,0.000000,0.000000,0.000000,2649.000000,8,0,0,0.000000,0.000000,0.000000,26708.000000
302,672579.000000,647224.917219,0.000000,1,9,1,0,650483.000000,679575.000000,0.000000,104044.000000,10,1,0,524290.000000,575531.000000,0.000000,119676.000000,10,1,0,392131.000000,455855.000000,0.000000,39305.000000,4,1,0,394637.000000,416550.000000,0.000000,79703.000000,0,0,0,0.000000,0.000000,0.000000,81508.000000,4,1,0,229618.000000,255339.000000,0.000000,72947.000000,7,0,0,0.000000,0.000000,0.000000,41201.000000,1,0,0,0.000000,0.000000,0.000000,77378.000000,1,0,0,0.000000,0.000000,0.000000,13069.000000,7,0,0,0.000000,0.000000,0.000000,43748.000000
303,660171.000000,647267.643564,0.000000,1,2,1,0,620604.000000,679575.000000,0.000000,85284.000000,6,1,0,571422.000000,594291.000000,0.000000,68281.000000,1,1,0,519002.000000,526010.000000,0.000000,102934.000000,0,0,0,0.000000,0.000000,0.000000,109383.000000,2,0,0,0.000000,0.000000,0.000000,85664.000000,0,0,0,0.000000,0.000000,0.000000,43971.000000,3,0,0,0.000000,0.000000,0.000000,30526.000000,1,1,0,141352.000000,144384.000000,0.000000,45079.000000,9,0,0,0.000000,0.000000,0.000000,71699.000000,7,0,0,0.000000,0.000000,0.000000,17350.000000
304,655482.000000,647294.664474,0.000000,1,9,1,0,650483.000000,679575.000000,0.000000,128730.000000,10,1,0,499604.000000,550845.000000,0.000000,119980.000000,10,0,0,0.000000,0.000000,0.000000,73050.000000,3,0,0,0.000000,0.000000,0.000000,62202.000000,1,1,0,285422.000000,295613.000000,0.000000,65416.000000,9,0,0,0.000000,0.000000,0.000000,76710.000000,5,0,0,0.000000,0.000000,0.000000,46544.000000,8,0,0,0.000000,0.000000,0.000000,47076.000000,10,0,0,0.000000,0.000000,0.000000,5354.000000,0,0,0,0.000000,0.000000,0.000000,30420.000000
305,622083.000000,647212.003279,0.000000,1,10,1,0,628334.000000,679575.000000,0.000000,79648.000000,9,1,0,567815.000000,599927.000000,0.000000,88811.000000,9,1,0,469848.000000,511116.000000,0.000000,105612.000000,3,1,0,361988.000000,405504.000000,0.000000,49660.000000,5,1,0,294711.000000,353269.000000,0.000000,59691.000000,7,1,0,265268.000000,285853.000000,0.000000,41366.000000,9,0,0,0.000000,0.000000,0.000000,81102.000000,4,0,0,0.000000,0.000000,0.000000,63699.000000,3,0,0,0.000000,0.000000,0.000000,35254.000000,4,0,0,0.000000,0.000000,0.000000,17240.000000
306,652155.000000,647228.156863,0.000000,1,1,1,0,672567.000000,679575.000000,0.000000,64777.000000,9,1,0,585706.000000,614798.000000,0.000000,84527.000000,6,1,0,505264.000000,530271.000000,0.000000,70449.000000,3,1,0,415162.000000,459822.000000,0.000000,94842.000000,8,1,0,347650.000000,364980.000000,0.000000,60461.000000,7,0,0,0.000000,0.000000,0.000000,98369.000000,0,0,0,0.000000,0.000000,0.000000,52554.000000,2,0,0,0.000000,0.000000,0.000000,75909.000000,0,0,0,0.000000,0.000000,0.000000,26826.000000,10,0,0,0.000000,0.000000,0.000000,23441.000000
307,651176.000000,647241.016287,0.000000,1,3,1,0,643256.000000,679575.000000,0.000000,74191.000000,9,1,0,576292.000000,605384.000000,0.000000,72926.000000,3,1,0,496139.000000,532458.000000,0.000000,109271.000000,5,1,0,377994.000000,423187.000000,0.000000,97714.000000,9,0,0,0.000000,0.000000,0.000000,111165.000000,5,0,0,0.000000,0.000000,0.000000,42063.000000,4,0,0,0.000000,0.000000,0.000000,45252.000000,10,0,0,0.000000,0.000000,0.000000,40061.000000,0,0,0,0.000000,0.000000,0.000000,50808.000000,7,0,0,0.000000,0.000000,0.000000,7725.000000
308,647451.000000,647241.698052,0.000000,1,4,1,0,661662.000000,679575.000000,0.000000,68020.000000,4,1,0,593642.000000,611555.000000,0.000000,191839.000000,0,0,0,0.000000,0.000000,0.000000,71243.000000,9,0,0,0.000000,0.000000,0.000000,70154.000000,7,0,0,0.000000,0.000000,0.000000,60246.000000,8,0,0,0.000000,0.000000,0.000000,50522.000000,0,0,0,0.000000,0.000000,0.000000,59276.000000,5,0,0,0.000000,0.000000,0.000000,50147.000000,1,0,0,0.000000,0.000000,0.000000,16756.000000,0,0,0,0.000000,0.000000,0.000000,9248.000000
309,514983.000000,646813.676375,0.000000,1,4,1,0,661662.000000,679575.000000,0.000000,114965.000000,5,1,0,522816.000000,564610.000000,0.000000,71471.000000,7,1,0,465911.000000,493139.000000,0.000000,53551.000000,7,1,0,412360.000000,439588.000000,0.000000,36790.000000,6,1,0,369037.000000,392174.000000,0.000000,42149.000000,8,0,0,0.000000,0.000000,0.000000,60123.000000,5,1,0,237322.000000,245466.000000,0.000000,47701.000000,1,0,0,0.000000,0.000000,0.000000,18862.000000,8,0,0,0.000000,0.000000,0.000000,24683.000000,5,0,0,0.000000,0.000000,0.000000,44688.000000
310,671975.000000,646894.841935,0.000000,1,0,0,0,0.000000,0.000000,0.000000,161480.000000,7,1,0,497510.000000,518095.000000,0.000000,146082.000000,3,0,0,0.000000,0.000000,0.000000,71058.000000,8,0,0,0.000000,0.000000,0.000000,40618.000000,0,0,0,0.000000,0.000000,0.000000,51999.000000,8,0,0,0.000000,0.000000,0.000000,94706.000000,8,0,0,0.000000,0.000000,0.000000,56458.000000,1,0,0,0.000000,0.000000,0.000000,24891.000000,2,0,0,0.000000,0.000000,0.000000,11476.000000,2,0,0,0.000000,0.000000,0.000000,13207.000000
311,583961.000000,646692.482315,0.000000,1,4,1,0,661662.000000,679575.000000,0.000000,57848.000000,6,1,0,598858.000000,621727.000000,0.000000,127754.000000,10,1,0,440814.000000,493973.000000,0.000000,97869.000000,2,0,0,0.000000,0.000000,0.000000,70405.000000,3,0,0,0.000000,0.000000,0.000000,61611.000000,6,0,0,0.000000,0.000000,0.000000,72284.000000,6,0,0,0.000000,0.000000,0.000000,46112.000000,10,0,0,0.000000,0.000000,0.000000,20143.000000,2,0,0,0.000000,0.000000,0.000000,16267.000000,5,0,0,0.000000,0.000000,0.000000,13668.000000
312,679575.000000,646797.875000,0.000000,1,2,1,0,620604.000000,679575.000000,0.000000,170971.000000,2,1,0,441929.000000,508604.000000,0.000000,72927.000000,9,1,0,392851.000000,435677.000000,0.000000,109342.000000,5,0,0,0.000000,0.000000,0.000000,102160.000000,6,0,0,0.000000,0.000000,0.000000,66478.000000,4,0,0,0.000000,0.000000,0.000000,42553.000000,10,0,0,0.000000,0.000000,0.000000,49618.000000,0,0,0,0.000000,0.000000,0.000000,31647.000000,9,0,0,0.000000,0.000000,0.000000,29302.000000,7,0,0,0.000000,0.000000,0.000000,4577.000000
313,671031.000000,646875.297125,0.000000,1,9,1,0,650483.000000,679575.000000,0.000000,132856.000000,0,0,0,0.000000,0.000000,0.000000,93751.000000,5,1,0,402334.000000,452968.000000,0.000000,97544.000000,0,0,0,0.000000,0.000000,0.000000,105964.000000,0,0,0,0.000000,0.000000,0.000000,86402.000000,5,0,0,0.000000,0.000000,0.000000,49624.000000,9,0,0,0.000000,0.000000,0.000000,52623.000000,10,0,0,0.000000,0.000000,0.000000,28230.000000,7,0,0,0.000000,0.000000,0.000000,11762.000000,0,0,0,0.000000,0.000000,0.000000,12275.000000
314,657486.000000,646909.089172,0.000000,1,0,0,0,0.000000,0.000000,0.000000,79943.000000,0,0,0,0.000000,0.000000,0.000000,66101.000000,3,1,0,497212.000000,533531.000000,0.000000,97197.000000,9,1,0,403842.000000,436334.000000,0.000000,92971.000000,9,0,0,0.000000,0.000000,0.000000,76081.000000,9,0,0,0.000000,0.000000,0.000000,108905.000000,4,0,0,0.000000,0.000000,0.000000,45988.000000,9,0,0,0.000000,0.000000,0.000000,47323.000000,9,0,0,0.000000,0.000000,0.000000,29286.000000,0,0,0,0.000000,0.000000,0.000000,13691.000000
315,602878.000000,646769.307937,0.000000,1,4,1,0,661662.000000,679575.000000,0.000000,60456.000000,8,1,0,601789.000000,619119.000000,0.000000,65338.000000,0,0,0,0.000000,0.000000,0.000000,79528.000000,3,0,0,0.000000,0.000000,0.000000,98672.000000,7,0,0,0.000000,0.000000,0.000000,73497.000000,7,0,0,0.000000,0.000000,0.000000,89358.000000,3,0,0,0.000000,0.000000,0.000000,55876.000000,2,0,0,0.000000,0.000000,0.000000,45596.000000,9,0,0,0.000000,0.000000,0.000000,26064.000000,8,0,0,0.000000,0.000000,0.000000,8493.000000
316,642275.000000,646755.085443,0.000000,1,8,1,0,662245.000000,679575.000000,0.000000,106736.000000,6,1,0,549970.000000,572839.000000,0.000000,84009.000000,4,1,0,467917.000000,488830.000000,0.000000,67788.000000,0,0,0,0.000000,0.000000,0.000000,44485.000000,0,0,0,0.000000,0.000000,0.000000,40153.000000,8,1,0,311347.000000,328627.000000,0.000000,64210.000000,7,0,0,0.000000,0.000000,0.000000,94845.000000,1,0,0,0.000000,0.000000,0.000000,52174.000000,3,0,0,0.000000,0.000000,0.000000,59279.000000,9,0,0,0.000000,0.000000,0.000000,28596.000000
317,571835.000000,646518.744479,0.000000,1,1,1,0,672567.000000,679575.000000,0.000000,51460.000000,1,1,0,621107.000000,628115.000000,0.000000,52142.000000,5,1,0,539704.000000,575973.000000,0.000000,101365.000000,7,1,0,450446.000000,474608.000000,0.000000,113736.000000,2,0,0,0.000000,0.000000,0.000000,81204.000000,10,0,0,0.000000,0.000000,0.000000,83517.000000,0,0,0,0.000000,0.000000,0.000000,18020.000000,7,0,0,0.000000,0.000000,0.000000,29978.000000,0,0,0,0.000000,0.000000,0.000000,10793.000000,0,0,0,0.000000,0.000000,0.000000,29620.000000
318,656166.000000,646549.081761,0.000000,1,7,1,0,658990.000000,679575.000000,0.000000,85022.000000,5,1,0,558284.000000,594553.000000,0.000000,152896.000000,7,1,0,414429.000000,441657.000000,0.000000,158121.000000,7,0,0,0.000000,0.000000,0.000000,70145.000000,3,0,0,0.000000,0.000000,0.000000,47216.000000,9,0,0,0.000000,0.000000,0.000000,59516.000000,6,0,0,0.000000,0.000000,0.000000,47712.000000,9,0,0,0.000000,0.000000,0.000000,12859.000000,2,0,0,0.000000,0.000000,0.000000,16177.000000,7,0,0,0.000000,0.000000,0.000000,6502.000000
319,630237.000000,646497.946708,0.000000,1,4,1,0,661662.000000,679575.000000,0.000000,96705.000000,3,1,0,546551.000000,582870.000000,0.000000,105656.000000,0,0,0,0.000000,0.000000,0.000000,81581.000000,9,0,0,0.000000,0.000000,0.000000,77412.000000,3,0,0,0.000000,0.000000,0.000000,60006.000000,10,0,0,0.000000,0.000000,0.000000,82443.000000,4,0,0,0.000000,0.000000,0.000000,43254.000000,6,0,0,0.000000,0.000000,0.000000,59130.000000,0,0,0,0.000000,0.000000,0.000000,18408.000000,0,0,0,0.000000,0.000000,0.000000,5642.000000
320,656023.000000,646527.712500,0.000000,1,6,1,0,656706.000000,679575.000000,0.000000,79719.000000,8,1,0,582526.000000,599856.000000,0.000000,98980.000000,0,0,0,0.000000,0.000000,0.000000,99919.000000,8,1,0,379007.000000,400957.000000,0.000000,62673.000000,0,0,0,0.000000,0.000000,0.000000,87361.000000,1,1,0,236333.000000,244027.000000,0.000000,62004.000000,4,0,0,0.000000,0.000000,0.000000,63218.000000,5,0,0,0.000000,0.000000,0.000000,52359.000000,7,0,0,0.000000,0.000000,0.000000,15352.000000,4,0,0,0.000000,0.000000,0.000000,34438.000000
321,668807.000000,646597.118380,0.000000,1,3,1,0,643256.000000,679575.000000,0.000000,167974.000000,7,0,0,0.000000,0.000000,0.000000,107942.000000,9,1,0,373812.000000,403659.000000,0.000000,132633.000000,3,0,0,0.000000,0.000000,0.000000,74944.000000,10,0,0,0.000000,0.000000,0.000000,73258.000000,0,0,0,0.000000,0.000000,0.000000,63550.000000,8,0,0,0.000000,0.000000,0.000000,15128.000000,2,0,0,0.000000,0.000000,0.000000,16988.000000,3,0,0,0.000000,0.000000,0.000000,16390.000000,9,0,0,0.000000,0.000000,0.000000,0.000000
322,655725.000000,646625.465839,0.000000,1,2,1,0,620604.000000,679575.000000,0.000000,84211.000000,6,1,0,572495.000000,595364.000000,0.000000,142215.000000,6,1,0,430280.000000,453149.000000,0.000000,100082.000000,5,1,0,303517.000000,353067.000000,0.000000,99263.000000,5,0,0,0.000000,0.000000,0.000000,96828.000000,3,0,0,0.000000,0.000000,0.000000,56574.000000,2,0,0,0.000000,0.000000,0.000000,38015.000000,10,0,0,0.000000,0.000000,0.000000,26147.000000,3,0,0,0.000000,0.000000,0.000000,9912.000000,4,0,0,0.000000,0.000000,0.000000,2478.000000
323,626840.000000,646564.210526,0.000000,1,1,1,0,672567.000000,679575.000000,0.000000,157377.000000,0,0,0,0.000000,0.000000,0.000000,78472.000000,7,1,0,419053.000000,443726.000000,0.000000,77143.000000,3,0,0,0.000000,0.000000,0.000000,40153.000000,7,1,0,300224.000000,326430.000000,0.000000,42684.000000,5,0,0,0.000000,0.000000,0.000000,76091.000000,1,1,0,188686.000000,195694.000000,0.000000,73950.000000,4,0,0,0.000000,0.000000,0.000000,30151.000000,2,0,0,0.000000,0.000000,0.000000,32190.000000,3,0,0,0.000000,0.000000,0.000000,18629.000000
324,640600.000000,646545.802469,0.000000,1,0,0,0,0.000000,0.000000,0.000000,96705.000000,5,1,0,546601.000000,582870.000000,0.000000,63410.000000,2,1,0,460489.000000,519460.000000,0.000000,143188.000000,6,1,0,340757.000000,376272.000000,0.000000,72395.000000,3,0,0,0.000000,0.000000,0.000000,55675.000000,0,0,0,0.000000,0.000000,0.000000,54815.000000,3,0,0,0.000000,0.000000,0.000000,57120.000000,8,0,0,0.000000,0.000000,0.000000,45455.000000,8,0,0,0.000000,0.000000,0.000000,34843.000000,8,0,0,0.000000,0.000000,0.000000,16994.000000
325,674985.000000,646633.307692,0.000000,1,9,1,0,650483.000000,679575.000000,0.000000,147157.000000,5,1,0,493939.000000,532418.000000,0.000000,111082.000000,0,0,0,0.000000,0.000000,0.000000,69085.000000,10,0,0,0.000000,0.000000,0.000000,131311.000000,8,0,0,0.000000,0.000000,0.000000,65647.000000,9,0,0,0.000000,0.000000,0.000000,69623.000000,1,0,0,0.000000,0.000000,0.000000,28425.000000,5,0,0,0.000000,0.000000,0.000000,34586.000000,0,0,0,0.000000,0.000000,0.000000,13479.000000,0,0,0,0.000000,0.000000,0.000000,4590.000000
326,660444.000000,646675.671779,0.000000,1,0,0,0,0.000000,0.000000,0.000000,71508.000000,1,1,0,601059.000000,608067.000000,0.000000,108855.000000,9,1,0,466345.000000,499212.000000,0.000000,89443.000000,7,1,0,385096.000000,409769.000000,0.000000,103251.000000,7,1,0,279684.000000,306518.000000,0.000000,61071.000000,10,0,0,0.000000,0.000000,0.000000,79817.000000,4,0,0,0.000000,0.000000,0.000000,57828.000000,3,0,0,0.000000,0.000000,0.000000,31685.000000,0,0,0,0.000000,0.000000,0.000000,19461.000000,9,0,0,0.000000,0.000000,0.000000,37525.000000
327,606216.000000,646551.941896,0.000000,1,8,1,0,662245.000000,679575.000000,0.000000,56128.000000,6,1,0,600578.000000,623447.000000,0.000000,75414.000000,4,1,0,530120.000000,548033.000000,0.000000,107774.000000,2,0,0,0.000000,0.000000,0.000000,86756.000000,10,1,0,302262.000000,351679.000000,0.000000,103405.000000,5,0,0,0.000000,0.000000,0.000000,62346.000000,0,0,0,0.000000,0.000000,0.000000,29073.000000,10,0,0,0.000000,0.000000,0.000000,35932.000000,9,0,0,0.000000,0.000000,0.000000,21509.000000,2,0,0,0.000000,0.000000,0.000000,27879.000000
328,679575.000000,646652.621951,0.000000,1,0,0,0,0.000000,0.000000,0.000000,56674.000000,7,1,0,602316.000000,622901.000000,0.000000,104156.000000,6,1,0,495876.000000,518745.000000,0.000000,75943.000000,4,1,0,424889.000000,442802.000000,0.000000,89038.000000,10,1,0,295257.000000,353764.000000,0.000000,126455.000000,3,0,0,0.000000,0.000000,0.000000,68297.000000,0,0,0,0.000000,0.000000,0.000000,56991.000000,10,0,0,0.000000,0.000000,0.000000,53751.000000,9,0,0,0.000000,0.000000,0.000000,32554.000000,10,0,0,0.000000,0.000000,0.000000,15716.000000
329,637480.000000,646624.741641,0.000000,1,3,1,0,643256.000000,679575.000000,0.000000,81808.000000,3,1,0,561448.000000,597767.000000,0.000000,137097.000000,8,0,0,0.000000,0.000000,0.000000,59677.000000,7,1,0,373451.000000,400993.000000,0.000000,110829.000000,7,0,0,0.000000,0.000000,0.000000,94280.000000,10,0,0,0.000000,0.000000,0.000000,59528.000000,3,0,0,0.000000,0.000000,0.000000,46819.000000,0,0,0,0.000000,0.000000,0.000000,17675.000000,6,0,0,0.000000,0.000000,0.000000,19392.000000,2,0,0,0.000000,0.000000,0.000000,10375.000000
330,630088.000000,646574.630303,0.000000,1,0,0,0,0.000000,0.000000,0.000000,114273.000000,10,1,0,514061.000000,565302.000000,0.000000,94357.000000,8,1,0,453615.000000,470945.000000,0.000000,128719.000000,3,0,0,0.000000,0.000000,0.000000,81059.000000,0,0,0,0.000000,0.000000,0.000000,83507.000000,2,0,0,0.000000,0.000000,0.000000,37967.000000,6,0,0,0.000000,0.000000,0.000000,38530.000000,9,0,0,0.000000,0.000000,0.000000,18316.000000,10,0,0,0.000000,0.000000,0.000000,26481.000000,6,0,0,0.000000,0.000000,0.000000,6879.000000
331,636026.000000,646542.761329,0.000000,1,0,0,0,0.000000,0.000000,0.000000,109123.000000,0,0,0,0.000000,0.000000,0.000000,75039.000000,4,1,0,477500.000000,495413.000000,0.000000,56211.000000,1,1,0,432194.000000,439202.000000,0.000000,54932.000000,8,1,0,366940.000000,384270.000000,0.000000,86608.000000,1,1,0,288176.000000,295184.000000,0.000000,47437.000000,9,0,0,0.000000,0.000000,0.000000,85088.000000,6,0,0,0.000000,0.000000,0.000000,49815.000000,6,0,0,0.000000,0.000000,0.000000,56420.000000,1,0,0,0.000000,0.000000,0.000000,15353.000000
332,661255.000000,646587.075301,0.000000,1,9,1,0,650483.000000,679575.000000,0.000000,75583.000000,7,1,0,582896.000000,603992.000000,0.000000,99564.000000,2,1,0,442889.000000,504428.000000,0.000000,97178.000000,7,1,0,385132.000000,407250.000000,0.000000,26170.000000,0,0,0,0.000000,0.000000,0.000000,117300.000000,8,0,0,0.000000,0.000000,0.000000,46633.000000,4,0,0,0.000000,0.000000,0.000000,140985.000000,0,0,0,0.000000,0.000000,0.000000,22739.000000,8,0,0,0.000000,0.000000,0.000000,34021.000000,6,0,0,0.000000,0.000000,0.000000,1082.000000
333,662217.000000,646634.012012,0.000000,1,2,1,0,620604.000000,679575.000000,0.000000,113855.000000,3,1,0,529401.000000,565720.000000,0.000000,82620.000000,10,1,0,429941.000000,483100.000000,0.000000,69257.000000,9,1,0,373258.000000,413843.000000,0.000000,85196.000000,1,1,0,318552.000000,326072.000000,0.000000,108418.000000,0,0,0,0.000000,0.000000,0.000000,41012.000000,0,0,0,0.000000,0.000000,0.000000,41244.000000,1,1,1,112509.000000,107634.000000,23875.000000,23238.000000,0,0,0,0.000000,0.000000,0.000000,21031.000000,1,0,0,0.000000,0.000000,0.000000,52471.000000
334,638119.000000,646608.517964,0.000000,1,0,0,0,0.000000,0.000000,0.000000,75814.000000,0,0,0,0.000000,0.000000,0.000000,142870.000000,7,1,0,440306.000000,460891.000000,0.000000,88344.000000,1,1,0,365539.000000,372547.000000,0.000000,86783.000000,3,0,0,0.000000,0.000000,0.000000,48784.000000,3,0,0,0.000000,0.000000,0.000000,68014.000000,0,0,0,0.000000,0.000000,0.000000,56559.000000,8,0,0,0.000000,0.000000,0.000000,25165.000000,2,0,0,0.000000,0.000000,0.000000,37437.000000,6,0,0,0.000000,0.000000,0.000000,8349.000000
335,597001.000000,646460.435821,0.000000,1,6,1,0,656706.000000,679575.000000,0.000000,86225.000000,2,1,0,534379.000000,593350.000000,0.000000,123039.000000,6,1,0,447442.000000,470311.000000,0.000000,55523.000000,9,1,0,385696.000000,414788.000000,0.000000,88296.000000,3,0,0,0.000000,0.000000,0.000000,72938.000000,5,0,0,0.000000,0.000000,0.000000,74684.000000,2,0,0,0.000000,0.000000,0.000000,61315.000000,10,0,0,0.000000,0.000000,0.000000,16750.000000,5,0,0,0.000000,0.000000,0.000000,11677.000000,0,0,0,0.000000,0.000000,0.000000,6554.000000
336,671646.000000,646535.392857,0.000000,1,4,1,0,661662.000000,679575.000000,0.000000,159439.000000,2,1,0,458597.000000,520136.000000,0.000000,112950.000000,3,0,0,0.000000,0.000000,0.000000,52927.000000,9,0,0,0.000000,0.000000,0.000000,100814.000000,0,0,0,0.000000,0.000000,0.000000,61441.000000,9,0,0,0.000000,0.000000,0.000000,74055.000000,8,0,0,0.000000,0.000000,0.000000,23830.000000,5,0,0,0.000000,0.000000,0.000000,41739.000000,7,0,0,0.000000,0.000000,0.000000,15208.000000,3,0,0,0.000000,0.000000,0.000000,29243.000000
337,660301.000000,646576.240356,0.000000,1,0,0,0,0.000000,0.000000,0.000000,92463.000000,5,1,0,550843.000000,587112.000000,0.000000,119141.000000,8,1,0,450641.000000,467971.000000,0.000000,113494.000000,0,0,0,0.000000,0.000000,0.000000,73039.000000,2,0,0,0.000000,0.000000,0.000000,129535.000000,8,0,0,0.000000,0.000000,0.000000,36496.000000,0,0,0,0.000000,0.000000,0.000000,13788.000000,6,0,0,0.000000,0.000000,0.000000,41061.000000,10,0,0,0.000000,0.000000,0.000000,20384.000000,8,0,0,0.000000,0.000000,0.000000,20900.000000
338,642360.000000,646563.766272,0.000000,1,4,1,0,661662.000000,679575.000000,0.000000,52622.000000,1,1,0,619945.000000,626953.000000,0.000000,64910.000000,3,1,0,525724.000000,562043.000000,0.000000,120292.000000,4,1,0,423838.000000,441751.000000,0.000000,119371.000000,7,1,0,300651.000000,322380.000000,0.000000,75144.000000,0,0,0,0.000000,0.000000,0.000000,45099.000000,7,0,0,0.000000,0.000000,0.000000,48744.000000,6,0,0,0.000000,0.000000,0.000000,39051.000000,7,0,0,0.000000,0.000000,0.000000,43267.000000,3,0,0,0.000000,0.000000,0.000000,33860.000000
339,610245.000000,646456.631268,0.000000,1,5,1,0,643306.000000,679575.000000,0.000000,83967.000000,10,1,0,544367.000000,595608.000000,0.000000,85168.000000,8,1,0,492340.000000,510440.000000,0.000000,72243.000000,0,0,0,0.000000,0.000000,0.000000,147666.000000,5,0,0,0.000000,0.000000,0.000000,45577.000000,9,0,0,0.000000,0.000000,0.000000,67751.000000,6,0,0,0.000000,0.000000,0.000000,15863.000000,9,0,0,0.000000,0.000000,0.000000,46174.000000,5,0,0,0.000000,0.000000,0.000000,27331.000000,8,0,0,0.000000,0.000000,0.000000,18505.000000
340,679575.000000,646554.038235,0.000000,1,0,0,0,0.000000,0.000000,0.000000,147664.000000,5,1,0,495642.000000,531911.000000,0.000000,107704.000000,2,1,0,365236.000000,424207.000000,0.000000,101716.000000,5,0,0,0.000000,0.000000,0.000000,78101.000000,9,0,0,0.000000,0.000000,0.000000,75086.000000,0,0,0,0.000000,0.000000,0.000000,66912.000000,7,0,0,0.000000,0.000000,0.000000,33801.000000,5,0,0,0.000000,0.000000,0.000000,27102.000000,0,0,0,0.000000,0.000000,0.000000,5511.000000,4,0,0,0.000000,0.000000,0.000000,35978.000000
341,651347.000000,646568.093842,0.000000,1,3,1,0,643256.000000,679575.000000,0.000000,77015.000000,7,1,0,580953.000000,602560.000000,0.000000,84387.000000,6,1,0,492097.000000,518173.000000,0.000000,160923.000000,0,0,0,0.000000,0.000000,0.000000,62411.000000,6,0,0,0.000000,0.000000,0.000000,59417.000000,5,0,0,0.000000,0.000000,0.000000,35631.000000,1,1,0,186235.000000,194149.000000,0.000000,83627.000000,4,0,0,0.000000,0.000000,0.000000,23714.000000,1,0,0,0.000000,0.000000,0.000000,30281.000000,2,0,0,0.000000,0.000000,0.000000,33941.000000
342,640274.000000,646549.690058,0.000000,1,3,1,0,643256.000000,679575.000000,0.000000,44478.000000,7,1,0,614512.000000,635097.000000,0.000000,112074.000000,4,1,0,505110.000000,523023.000000,0.000000,85022.000000,5,1,0,400627.000000,438001.000000,0.000000,142020.000000,10,0,0,0.000000,0.000000,0.000000,151777.000000,4,0,0,0.000000,0.000000,0.000000,41995.000000,6,0,0,0.000000,0.000000,0.000000,27859.000000,0,0,0,0.000000,0.000000,0.000000,18222.000000,0,0,0,0.000000,0.000000,0.000000,16827.000000,10,0,0,0.000000,0.000000,0.000000,0.000000
343,666797.000000,646608.720117,0.000000,1,5,1,0,643306.000000,679575.000000,0.000000,98232.000000,2,1,0,522372.000000,581343.000000,0.000000,79467.000000,9,1,0,472784.000000,501876.000000,0.000000,146265.000000,0,0,0,0.000000,0.000000,0.000000,99255.000000,4,1,0,237943.000000,256356.000000,0.000000,80289.000000,10,0,0,0.000000,0.000000,0.000000,60522.000000,6,0,0,0.000000,0.000000,0.000000,30229.000000,9,0,0,0.000000,0.000000,0.000000,34971.000000,0,0,0,0.000000,0.000000,0.000000,30519.000000,1,0,0,0.000000,0.000000,0.000000,7048.000000
344,615513.000000,646518.325581,0.000000,1,0,0,0,0.000000,0.000000,0.000000,44975.000000,3,1,0,598281.000000,634600.000000,0.000000,90930.000000,0,0,0,0.000000,0.000000,0.000000,117737.000000,6,1,0,398788.000000,425933.000000,0.000000,119101.000000,0,0,0,0.000000,0.000000,0.000000,52732.000000,0,0,0,0.000000,0.000000,0.000000,46771.000000,0,0,0,0.000000,0.000000,0.000000,81299.000000,0,0,0,0.000000,0.000000,0.000000,23548.000000,0,0,0,0.000000,0.000000,0.000000,22572.000000,0,0,0,0.000000,0.000000,0.000000,15848.000000
345,613300.000000,646422.040580,0.000000,1,9,1,0,650483.000000,679575.000000,0.000000,97174.000000,0,0,0,0.000000,0.000000,0.000000,75933.000000,0,0,0,0.000000,0.000000,0.000000,112174.000000,0,0,0,0.000000,0.000000,0.000000,121289.000000,7,0,0,0.000000,0.000000,0.000000,67352.000000,5,0,0,0.000000,0.000000,0.000000,65225.000000,0,0,0,0.000000,0.000000,0.000000,23351.000000,3,0,0,0.000000,0.000000,0.000000,24551.000000,1,1,0,66705.000000,72497.000000,0.000000,13011.000000,3,0,0,0.000000,0.000000,0.000000,13240.000000
346,557288.000000,646164.427746,0.000000,1,8,1,0,662245.000000,679575.000000,0.000000,112647.000000,0,0,0,0.000000,0.000000,0.000000,44295.000000,1,1,0,515625.000000,522633.000000,0.000000,96466.000000,2,0,0,0.000000,0.000000,0.000000,59909.000000,7,0,0,0.000000,0.000000,0.000000,26856.000000,5,0,0,0.000000,0.000000,0.000000,54894.000000,3,0,0,0.000000,0.000000,0.000000,60823.000000,1,1,1,152601.000000,145079.000000,20180.000000,28311.000000,10,0,0,0.000000,0.000000,0.000000,36058.000000,6,0,0,0.000000,0.000000,0.000000,16849.000000
347,628754.000000,646114.253602,0.000000,1,3,1,0,643256.000000,679575.000000,0.000000,73287.000000,5,1,0,570019.000000,606288.000000,0.000000,77097.000000,9,1,0,500099.000000,529191.000000,0.000000,66037.000000,6,1,0,439216.000000,463154.000000,0.000000,102098.000000,9,1,0,326655.000000,361056.000000,0.000000,104646.000000,4,0,0,0.000000,0.000000,0.000000,66216.000000,6,0,0,0.000000,0.000000,0.000000,45979.000000,7,0,0,0.000000,0.000000,0.000000,29296.000000,3,0,0,0.000000,0.000000,0.000000,51440.000000,7,0,0,0.000000,0.000000,0.000000,12658.000000
348,614733.000000,646024.077586,0.000000,1,4,1,0,661662.000000,679575.000000,0.000000,120350.000000,0,0,0,0.000000,0.000000,0.000000,63721.000000,8,1,0,476044.000000,495504.000000,0.000000,101483.000000,6,1,0,361792.000000,394021.000000,0.000000,110786.000000,7,0,0,0.000000,0.000000,0.000000,75635.000000,3,0,0,0.000000,0.000000,0.000000,44182.000000,6,0,0,0.000000,0.000000,0.000000,27105.000000,4,0,0,0.000000,0.000000,0.000000,12389.000000,2,0,0,0.000000,0.000000,0.000000,30141.000000,6,0,0,0.000000,0.000000,0.000000,28941.000000
349,629373.000000,645976.366762,0.000000,1,4,1,0,661662.000000,679575.000000,0.000000,134704.000000,6,1,0,522002.000000,544871.000000,0.000000,73928.000000,0,0,0,0.000000,0.000000,0.000000,123210.000000,3,0,0,0.000000,0.000000,0.000000,109871.000000,8,0,0,0.000000,0.000000,0.000000,57234.000000,3,0,0,0.000000,0.000000,0.000000,63634.000000,0,0,0,0.000000,0.000000,0.000000,33514.000000,6,0,0,0.000000,0.000000,0.000000,11031.000000,3,0,0,0.000000,0.000000,0.000000,15899.000000,7,0,0,0.000000,0.000000,0.000000,6348.000000
350,661663.000000,646021.185714,0.000000,1,8,1,0,662245.000000,679575.000000,0.000000,102613.000000,0,0,0,0.000000,0.000000,0.000000,78705.000000,0,0,0,0.000000,0.000000,0.000000,143390.000000,9,0,0,0.000000,0.000000,0.000000,59445.000000,10,0,0,0.000000,0.000000,0.000000,106037.000000,6,0,0,0.000000,0.000000,0.000000,55257.000000,9,0,0,0.000000,0.000000,0.000000,50463.000000,8,0,0,0.000000,0.000000,0.000000,46338.000000,10,0,0,0.000000,0.000000,0.000000,15917.000000,7,0,0,0.000000,0.000000,0.000000,3498.000000
351,662553.000000,646068.284900,0.000000,1,3,1,0,643256.000000,679575.000000,0.000000,104904.000000,8,1,0,557341.000000,574671.000000,0.000000,106606.000000,5,1,0,431796.000000,468065.000000,0.000000,94422.000000,4,0,0,0.000000,0.000000,0.000000,120883.000000,6,0,0,0.000000,0.000000,0.000000,123643.000000,7,0,0,0.000000,0.000000,0.000000,51889.000000,0,0,0,0.000000,0.000000,0.000000,27583.000000,3,0,0,0.000000,0.000000,0.000000,17542.000000,1,0,0,0.000000,0.000000,0.000000,12432.000000,2,0,0,0.000000,0.000000,0.000000,2649.000000
352,644754.000000,646064.551136,0.000000,1,3,1,0,643256.000000,679575.000000,0.000000,105468.000000,7,1,0,553522.000000,574107.000000,0.000000,52162.000000,1,1,0,514937.000000,521945.000000,0.000000,65221.000000,6,1,0,427756.000000,453903.000000,0.000000,102030.000000,8,0,0,0.000000,0.000000,0.000000,58237.000000,10,0,0,0.000000,0.000000,0.000000,106186.000000,2,0,0,0.000000,0.000000,0.000000,74898.000000,8,0,0,0.000000,0.000000,0.000000,30998.000000,5,0,0,0.000000,0.000000,0.000000,45490.000000,2,0,0,0.000000,0.000000,0.000000,4064.000000
353,636131.000000,646036.410765,0.000000,1,9,1,0,650483.000000,679575.000000,0.000000,69436.000000,4,1,0,592226.000000,610139.000000,0.000000,49937.000000,7,1,0,539617.000000,560202.000000,0.000000,59477.000000,0,0,0,0.000000,0.000000,0.000000,92735.000000,10,0,0,0.000000,0.000000,0.000000,74712.000000,5,0,0,0.000000,0.000000,0.000000,79260.000000,8,0,0,0.000000,0.000000,0.000000,81260.000000,10,0,0,0.000000,0.000000,0.000000,45943.000000,7,0,0,0.000000,0.000000,0.000000,52948.000000,5,0,0,0.000000,0.000000,0.000000,30423.000000
354,634204.000000,646002.985876,0.000000,1,7,1,0,658990.000000,679575.000000,0.000000,97585.000000,0,0,0,0.000000,0.000000,0.000000,115399.000000,2,1,0,394992.000000,466591.000000,0.000000,92382.000000,9,0,0,0.000000,0.000000,0.000000,90495.000000,1,0,0,0.000000,0.000000,0.000000,52422.000000,3,0,0,0.000000,0.000000,0.000000,87731.000000,10,0,0,0.000000,0.000000,0.000000,34116.000000,6,0,0,0.000000,0.000000,0.000000,29530.000000,5,0,0,0.000000,0.000000,0.000000,10996.000000,2,0,0,0.000000,0.000000,0.000000,23548.000000
355,611089.000000,645904.636620,0.000000,1,5,1,0,643306.000000,679575.000000,0.000000,74388.000000,10,1,0,553946.000000,605187.000000,0.000000,82870.000000,6,1,0,499448.000000,522317.000000,0.000000,92053.000000,10,1,0,371985.000000,430264.000000,0.000000,95648.000000,7,0,0,0.000000,0.000000,0.000000,66078.000000,8,0,0,0.000000,0.000000,0.000000,62874.000000,4,1,0,178815.000000,197201.000000,0.000000,46283.000000,9,0,0,0.000000,0.000000,0.000000,42363.000000,9,0,0,0.000000,0.000000,0.000000,23914.000000,9,0,0,0.000000,0.000000,0.000000,24618.000000
356,604745.000000,645789.019663,0.000000,1,3,1,0,643256.000000,679575.000000,0.000000,67764.000000,0,0,0,0.000000,0.000000,0.000000,67857.000000,1,1,0,536946.000000,543954.000000,0.000000,100733.000000,2,1,0,384250.000000,443221.000000,0.000000,73361.000000,1,1,0,362852.000000,369860.000000,0.000000,90192.000000,7,0,0,0.000000,0.000000,0.000000,49854.000000,3,0,0,0.000000,0.000000,0.000000,44304.000000,7,0,0,0.000000,0.000000,0.000000,26840.000000,2,0,0,0.000000,0.000000,0.000000,73434.000000,3,0,0,0.000000,0.000000,0.000000,10406.000000
357,676077.000000,645873.859944,0.000000,1,8,1,0,662245.000000,679575.000000,0.000000,95735.000000,7,1,0,561722.000000,583840.000000,0.000000,69433.000000,0,0,0,0.000000,0.000000,0.000000,108886.000000,9,1,0,360664.000000,405521.000000,0.000000,168304.000000,5,0,0,0.000000,0.000000,0.000000,59064.000000,3,0,0,0.000000,0.000000,0.000000,88625.000000,0,0,0,0.000000,0.000000,0.000000,39260.000000,0,0,0,0.000000,0.000000,0.000000,23304.000000,5,0,0,0.000000,0.000000,0.000000,13895.000000,1,0,0,0.000000,0.000000,0.000000,9571.000000
358,625452.000000,645816.815642,0.000000,1,2,1,0,620604.000000,679575.000000,0.000000,44378.000000,2,1,0,576226.000000,635197.000000,0.000000,72595.000000,1,1,0,555594.000000,562602.000000,0.000000,104548.000000,8,1,0,440724.000000,458054.000000,0.000000,73645.000000,3,0,0,0.000000,0.000000,0.000000,92661.000000,3,0,0,0.000000,0.000000,0.000000,60842.000000,4,1,0,206256.000000,222615.000000,0.000000,55913.000000,5,0,0,0.000000,0.000000,0.000000,24224.000000,7,0,0,0.000000,0.000000,0.000000,61115.000000,0,0,0,0.000000,0.000000,0.000000,35531.000000
359,669885.000000,645883.857939,0.000000,1,5,1,0,643306.000000,679575.000000,0.000000,90117.000000,3,1,0,553139.000000,589458.000000,0.000000,99114.000000,5,1,0,454075.000000,490344.000000,0.000000,76985.000000,0,0,0,0.000000,0.000000,0.000000,57058.000000,3,0,0,0.000000,0.000000,0.000000,117698.000000,2,0,0,0.000000,0.000000,0.000000,132330.000000,1,0,0,0.000000,0.000000,0.000000,65168.000000,10,0,0,0.000000,0.000000,0.000000,26610.000000,4,0,0,0.000000,0.000000,0.000000,3836.000000,1,0,0,0.000000,0.000000,0.000000,969.000000
360,630601.000000,645841.405556,0.000000,1,3,1,0,643256.000000,679575.000000,0.000000,114059.000000,6,1,0,542647.000000,565516.000000,0.000000,91438.000000,0,0,0,0.000000,0.000000,0.000000,59485.000000,7,0,0,0.000000,0.000000,0.000000,72976.000000,5,0,0,0.000000,0.000000,0.000000,132719.000000,10,0,0,0.000000,0.000000,0.000000,71184.000000,2,0,0,0.000000,0.000000,0.000000,40102.000000,9,0,0,0.000000,0.000000,0.000000,16178.000000,5,0,0,0.000000,0.000000,0.000000,25382.000000,10,0,0,0.000000,0.000000,0.000000,7078.000000
361,623321.000000,645779.022161,0.000000,1,4,1,0,661662.000000,679575.000000,0.000000,118869.000000,0,0,0,0.000000,0.000000,0.000000,49305.000000,6,0,0,0.000000,0.000000,0.000000,78408.000000,8,0,0,0.000000,0.000000,0.000000,112870.000000,0,0,0,0.000000,0.000000,0.000000,72779.000000,10,0,0,0.000000,0.000000,0.000000,74367.000000,1,0,0,0.000000,0.000000,0.000000,26049.000000,0,0,0,0.000000,0.000000,0.000000,52107.000000,1,0,0,0.000000,0.000000,0.000000,33021.000000,0,0,0,0.000000,0.000000,0.000000,5546.000000
362,664274.000000,645830.113260,0.000000,1,6,1,0,656706.000000,679575.000000,0.000000,86480.000000,10,1,0,541854.000000,593095.000000,0.000000,91957.000000,0,0,0,0.000000,0.000000,0.000000,116660.000000,10,1,0,326358.000000,384478.000000,0.000000,105374.000000,1,1,0,269009.000000,279104.000000,0.000000,59353.000000,10,0,0,0.000000,0.000000,0.000000,38548.000000,0,0,0,0.000000,0.000000,0.000000,63820.000000,6,0,0,0.000000,0.000000,0.000000,53741.000000,10,0,0,0.000000,0.000000,0.000000,41648.000000,0,0,0,0.000000,0.000000,0.000000,6693.000000
363,622359.000000,645765.454545,0.000000,1,5,1,0,643306.000000,679575.000000,0.000000,78692.000000,1,1,0,593875.000000,600883.000000,0.000000,91527.000000,8,1,0,492026.000000,509356.000000,0.000000,74673.000000,0,0,0,0.000000,0.000000,0.000000,106049.000000,2,0,0,0.000000,0.000000,0.000000,77520.000000,3,0,0,0.000000,0.000000,0.000000,63785.000000,5,0,0,0.000000,0.000000,0.000000,58619.000000,8,0,0,0.000000,0.000000,0.000000,44015.000000,2,0,0,0.000000,0.000000,0.000000,18760.000000,2,0,0,0.000000,0.000000,0.000000,8719.000000
364,660336.000000,645805.483516,0.000000,1,7,1,0,658990.000000,679575.000000,0.000000,42400.000000,0,0,0,0.000000,0.000000,0.000000,146203.000000,0,0,0,0.000000,0.000000,0.000000,100915.000000,0,0,0,0.000000,0.000000,0.000000,115296.000000,8,0,0,0.000000,0.000000,0.000000,87684.000000,8,0,0,0.000000,0.000000,0.000000,86034.000000,0,0,0,0.000000,0.000000,0.000000,51233.000000,6,0,0,0.000000,0.000000,0.000000,22932.000000,1,0,0,0.000000,0.000000,0.000000,7639.000000,4,0,0,0.000000,0.000000,0.000000,0.000000
365,641970.000000,645794.975342,0.000000,1,0,0,0,0.000000,0.000000,0.000000,90797.000000,0,0,0,0.000000,0.000000,0.000000,159578.000000,2,0,0,0.000000,0.000000,0.000000,45669.000000,10,0,0,0.000000,0.000000,0.000000,105736.000000,8,0,0,0.000000,0.000000,0.000000,62456.000000,0,0,0,0.000000,0.000000,0.000000,66159.000000,2,0,0,0.000000,0.000000,0.000000,28024.000000,6,0,0,0.000000,0.000000,0.000000,37209.000000,4,0,0,0.000000,0.000000,0.000000,23821.000000,0,0,0,0.000000,0.000000,0.000000,22521.000000
366,605924.000000,645686.038251,0.000000,1,6,1,0,656706.000000,679575.000000,0.000000,95839.000000,7,1,0,563151.000000,583736.000000,0.000000,101001.000000,2,0,0,0.000000,0.000000,0.000000,99258.000000,0,0,0,0.000000,0.000000,0.000000,70715.000000,0,0,0,0.000000,0.000000,0.000000,39141.000000,1,1,1,264135.000000,260968.000000,15913.000000,53733.000000,0,0,0,0.000000,0.000000,0.000000,56261.000000,0,0,0,0.000000,0.000000,0.000000,13576.000000,3,0,0,0.000000,0.000000,0.000000,43588.000000,5,0,0,0.000000,0.000000,0.000000,16899.000000
367,665340.000000,645739.591281,0.000000,1,10,1,0,628334.000000,679575.000000,0.000000,137251.000000,3,1,0,503643.000000,542324.000000,0.000000,87299.000000,2,1,0,374167.000000,455025.000000,0.000000,123146.000000,9,0,0,0.000000,0.000000,0.000000,60241.000000,2,0,0,0.000000,0.000000,0.000000,91677.000000,0,0,0,0.000000,0.000000,0.000000,57275.000000,2,0,0,0.000000,0.000000,0.000000,33011.000000,4,0,0,0.000000,0.000000,0.000000,50966.000000,5,0,0,0.000000,0.000000,0.000000,14174.000000,0,0,0,0.000000,0.000000,0.000000,10300.000000
368,636063.000000,645713.296196,0.000000,1,3,1,0,643256.000000,679575.000000,0.000000,89510.000000,6,1,0,567196.000000,590065.000000,0.000000,64041.000000,3,1,0,489705.000000,526024.000000,0.000000,45940.000000,2,1,0,421113.000000,480084.000000,0.000000,148907.000000,4,1,0,313264.000000,331177.000000,0.000000,84419.000000,5,0,0,0.000000,0.000000,0.000000,32406.000000,0,0,0,0.000000,0.000000,0.000000,29252.000000,0,0,0,0.000000,0.000000,0.000000,72607.000000,10,0,0,0.000000,0.000000,0.000000,55563.000000,0,0,0,0.000000,0.000000,0.000000,13418.000000
369,676668.000000,645797.184282,0.000000,1,7,1,0,658990.000000,679575.000000,0.000000,123766.000000,5,1,0,519540.000000,555809.000000,0.000000,79704.000000,1,1,0,469097.000000,476105.000000,0.000000,125603.000000,3,1,0,312643.000000,350502.000000,0.000000,145533.000000,9,0,0,0.000000,0.000000,0.000000,118532.000000,3,0,0,0.000000,0.000000,0.000000,34933.000000,5,0,0,0.000000,0.000000,0.000000,23736.000000,9,0,0,0.000000,0.000000,0.000000,11268.000000,0,0,0,0.000000,0.000000,0.000000,10686.000000,1,0,0,0.000000,0.000000,0.000000,2907.000000
370,669905.000000,645862.340541,0.000000,1,0,0,0,0.000000,0.000000,0.000000,115699.000000,1,1,0,556868.000000,563876.000000,0.000000,84991.000000,0,0,0,0.000000,0.000000,0.000000,109374.000000,5,0,0,0.000000,0.000000,0.000000,68215.000000,2,0,0,0.000000,0.000000,0.000000,70608.000000,9,0,0,0.000000,0.000000,0.000000,82614.000000,1,1,0,141066.000000,148074.000000,0.000000,82315.000000,5,0,0,0.000000,0.000000,0.000000,36904.000000,1,0,0,0.000000,0.000000,0.000000,11846.000000,1,0,0,0.000000,0.000000,0.000000,7339.000000
371,622654.000000,645799.784367,0.000000,1,3,1,0,643256.000000,679575.000000,0.000000,79002.000000,0,0,0,0.000000,0.000000,0.000000,88456.000000,6,1,0,489248.000000,512117.000000,0.000000,130019.000000,5,0,0,0.000000,0.000000,0.000000,84943.000000,6,0,0,0.000000,0.000000,0.000000,77994.000000,5,0,0,0.000000,0.000000,0.000000,42014.000000,1,0,0,0.000000,0.000000,0.000000,11739.000000,10,0,0,0.000000,0.000000,0.000000,71165.000000,10,0,0,0.000000,0.000000,0.000000,19957.000000,6,0,0,0.000000,0.000000,0.000000,17365.000000
372,666378.000000,645855.102151,0.000000,1,7,1,0,658990.000000,679575.000000,0.000000,134750.000000,6,1,0,521956.000000,544825.000000,0.000000,122034.000000,0,0,0,0.000000,0.000000,0.000000,88142.000000,6,1,0,310610.000000,334649.000000,0.000000,99181.000000,9,0,0,0.000000,0.000000,0.000000,90837.000000,5,0,0,0.000000,0.000000,0.000000,34934.000000,3,0,0,0.000000,0.000000,0.000000,51185.000000,9,0,0,0.000000,0.000000,0.000000,19602.000000,8,0,0,0.000000,0.000000,0.000000,12616.000000,0,0,0,0.000000,0.000000,0.000000,13097.000000
373,617034.000000,645777.833780,0.000000,1,1,1,0,672567.000000,679575.000000,0.000000,55348.000000,2,1,0,565256.000000,624227.000000,0.000000,69456.000000,6,1,0,531902.000000,554771.000000,0.000000,80243.000000,7,1,0,453943.000000,474528.000000,0.000000,97533.000000,7,0,0,0.000000,0.000000,0.000000,76745.000000,6,0,0,0.000000,0.000000,0.000000,70441.000000,1,1,0,201588.000000,210352.000000,0.000000,43490.000000,5,0,0,0.000000,0.000000,0.000000,77360.000000,3,0,0,0.000000,0.000000,0.000000,28280.000000,9,0,0,0.000000,0.000000,0.000000,18138.000000
374,619632.000000,645707.925134,0.000000,1,10,1,0,628334.000000,679575.000000,0.000000,89128.000000,0,0,0,0.000000,0.000000,0.000000,55552.000000,0,0,0,0.000000,0.000000,0.000000,94017.000000,3,1,0,402249.000000,440878.000000,0.000000,76893.000000,10,1,0,308592.000000,358687.000000,0.000000,124008.000000,0,0,0,0.000000,0.000000,0.000000,58313.000000,4,0,0,0.000000,0.000000,0.000000,46060.000000,10,0,0,0.000000,0.000000,0.000000,60947.000000,8,0,0,0.000000,0.000000,0.000000,12776.000000,5,0,0,0.000000,0.000000,0.000000,1938.000000
375,643561.000000,645702.200000,0.000000,1,0,0,0,0.000000,0.000000,0.000000,92946.000000,5,1,0,550360.000000,586629.000000,0.000000,106589.000000,0,0,0,0.000000,0.000000,0.000000,97894.000000,5,0,0,0.000000,0.000000,0.000000,70345.000000,0,0,0,0.000000,0.000000,0.000000,69502.000000,10,0,0,0.000000,0.000000,0.000000,103137.000000,0,0,0,0.000000,0.000000,0.000000,48987.000000,0,0,0,0.000000,0.000000,0.000000,16622.000000,0,0,0,0.000000,0.000000,0.000000,26781.000000,9,0,0,0.000000,0.000000,0.000000,10758.000000
376,619933.000000,645633.664894,0.000000,1,6,1,0,656706.000000,679575.000000,0.000000,43324.000000,0,0,0,0.000000,0.000000,0.000000,120640.000000,2,1,0,456640.000000,515611.000000,0.000000,110429.000000,0,0,0,0.000000,0.000000,0.000000,78058.000000,0,0,0,0.000000,0.000000,0.000000,68336.000000,10,0,0,0.000000,0.000000,0.000000,66279.000000,3,0,0,0.000000,0.000000,0.000000,45837.000000,8,0,0,0.000000,0.000000,0.000000,59503.000000,8,0,0,0.000000,0.000000,0.000000,12702.000000,4,0,0,0.000000,0.000000,0.000000,14825.000000
377,659543.000000,645670.559682,0.000000,1,9,1,0,650483.000000,679575.000000,0.000000,97390.000000,10,1,0,530944.000000,582185.000000,0.000000,163428.000000,7,1,0,398172.000000,418757.000000,0.000000,88532.000000,5,1,0,286249.000000,330225.000000,0.000000,102277.000000,6,0,0,0.000000,0.000000,0.000000,95338.000000,0,0,0,0.000000,0.000000,0.000000,49358.000000,3,0,0,0.000000,0.000000,0.000000,42438.000000,0,0,0,0.000000,0.000000,0.000000,7469.000000,5,0,0,0.000000,0.000000,0.000000,8318.000000,10,0,0,0.000000,0.000000,0.000000,4995.000000
378,667185.000000,645727.476190,0.000000,1,5,1,0,643306.000000,679575.000000,0.000000,78599.000000,4,1,0,583063.000000,600976.000000,0.000000,95831.000000,10,1,0,450790.000000,505145.000000,0.000000,94080.000000,5,1,0,370376.000000,411065.000000,0.000000,122712.000000,9,0,0,0.000000,0.000000,0.000000,75502.000000,7,1,0,188178.000000,209353.000000,0.000000,72005.000000,7,1,0,115545.000000,140846.000000,0.000000,39284.000000,5,0,0,0.000000,0.000000,0.000000,23187.000000,0,0,0,0.000000,0.000000,0.000000,19678.000000,4,0,0,0.000000,0.000000,0.000000,46307.000000
379,679575.000000,645816.783641,0.000000,2,3,1,0,643256.000000,679575.000000,0.000000,100468.000000,8,1,0,561777.000000,579107.000000,0.000000,70851.000000,0,0,0,0.000000,0.000000,0.000000,120493.000000,8,0,0,0.000000,0.000000,0.000000,100532.000000,6,0,0,0.000000,0.000000,0.000000,96150.000000,4,0,0,0.000000,0.000000,0.000000,15197.000000,1,1,0,160955.000000,170242.000000,0.000000,100003.000000,1,0,0,0.000000,0.000000,0.000000,62601.000000,6,0,0,0.000000,0.000000,0.000000,13280.000000,0,0,0,0.000000,0.000000,0.000000,0.000000
380,671975.000000,645885.621053,0.000000,1,0,0,0,0.000000,0.000000,0.000000,152134.000000,0,0,0,0.000000,0.000000,0.000000,68188.000000,3,1,0,422934.000000,459253.000000,0.000000,83126.000000,1,0,0,0.000000,0.000000,0.000000,139917.000000,2,0,0,0.000000,0.000000,0.000000,46525.000000,0,0,0,0.000000,0.000000,0.000000,52656.000000,9,0,0,0.000000,0.000000,0.000000,51450.000000,8,0,0,0.000000,0.000000,0.000000,60107.000000,9,0,0,0.000000,0.000000,0.000000,17872.000000,4,0,0,0.000000,0.000000,0.000000,0.000000
381,573306.000000,645695.123360,0.000000,1,1,1,0,672567.000000,679575.000000,0.000000,58369.000000,0,0,0,0.000000,0.000000,0.000000,90028.000000,0,0,0,0.000000,0.000000,0.000000,85776.000000,9,1,0,408215.000000,445402.000000,0.000000,59521.000000,9,0,0,0.000000,0.000000,0.000000,114755.000000,5,0,0,0.000000,0.000000,0.000000,43971.000000,0,0,0,0.000000,0.000000,0.000000,51840.000000,10,0,0,0.000000,0.000000,0.000000,41937.000000,0,0,0,0.000000,0.000000,0.000000,8147.000000,0,0,0,0.000000,0.000000,0.000000,18962.000000
382,647687.000000,645700.337696,0.000000,1,9,1,0,650483.000000,679575.000000,0.000000,120377.000000,3,1,0,522879.000000,559198.000000,0.000000,124453.000000,9,1,0,400320.000000,434745.000000,0.000000,124649.000000,1,0,0,0.000000,0.000000,0.000000,88967.000000,9,0,0,0.000000,0.000000,0.000000,78214.000000,5,0,0,0.000000,0.000000,0.000000,62053.000000,5,0,0,0.000000,0.000000,0.000000,18242.000000,10,0,0,0.000000,0.000000,0.000000,8934.000000,10,0,0,0.000000,0.000000,0.000000,19924.000000,6,0,0,0.000000,0.000000,0.000000,1874.000000
383,633282.000000,645667.913838,0.000000,1,5,1,0,643306.000000,679575.000000,0.000000,140832.000000,10,1,0,487502.000000,538743.000000,0.000000,88092.000000,4,1,0,431694.000000,450651.000000,0.000000,98591.000000,8,1,0,326533.000000,352060.000000,0.000000,64773.000000,1,1,0,271072.000000,282115.000000,0.000000,70435.000000,1,0,0,0.000000,0.000000,0.000000,32842.000000,0,0,0,0.000000,0.000000,0.000000,94468.000000,4,0,0,0.000000,0.000000,0.000000,15964.000000,9,0,0,0.000000,0.000000,0.000000,12076.000000,8,0,0,0.000000,0.000000,0.000000,15209.000000
384,638245.000000,645648.583333,0.000000,1,0,0,0,0.000000,0.000000,0.000000,125045.000000,9,1,0,525438.000000,554530.000000,0.000000,129612.000000,8,1,0,407588.000000,424918.000000,0.000000,157578.000000,0,0,0,0.000000,0.000000,0.000000,83622.000000,3,0,0,0.000000,0.000000,0.000000,52395.000000,4,0,0,0.000000,0.000000,0.000000,52339.000000,6,0,0,0.000000,0.000000,0.000000,10126.000000,7,0,0,0.000000,0.000000,0.000000,11225.000000,2,0,0,0.000000,0.000000,0.000000,2000.000000,2,0,0,0.000000,0.000000,0.000000,14303.000000
385,613178.000000,645564.244156,0.000000,1,8,1,0,662245.000000,679575.000000,0.000000,107851.000000,6,1,0,548855.000000,571724.000000,0.000000,90223.000000,1,1,0,474493.000000,481501.000000,0.000000,58760.000000,6,0,0,0.000000,0.000000,0.000000,64125.000000,4,1,0,330693.000000,355118.000000,0.000000,49704.000000,6,0,0,0.000000,0.000000,0.000000,86351.000000,6,0,0,0.000000,0.000000,0.000000,36616.000000,9,0,0,0.000000,0.000000,0.000000,42912.000000,0,0,0,0.000000,0.000000,0.000000,72648.000000,2,0,0,0.000000,0.000000,0.000000,3988.000000
386,634210.000000,645534.829016,0.000000,1,6,1,0,656706.000000,679575.000000,0.000000,98939.000000,10,1,0,529395.000000,580636.000000,0.000000,41226.000000,6,1,0,516541.000000,539410.000000,0.000000,83347.000000,3,1,0,415020.000000,456063.000000,0.000000,59606.000000,1,1,0,381893.000000,390959.000000,0.000000,94538.000000,5,0,0,0.000000,0.000000,0.000000,31438.000000,10,0,0,0.000000,0.000000,0.000000,66480.000000,2,0,0,0.000000,0.000000,0.000000,93480.000000,6,0,0,0.000000,0.000000,0.000000,18789.000000,10,0,0,0.000000,0.000000,0.000000,46367.000000
387,635384.000000,645508.599483,0.000000,1,0,0,0,0.000000,0.000000,0.000000,74317.000000,0,0,0,0.000000,0.000000,0.000000,121598.000000,1,1,0,476652.000000,483660.000000,0.000000,102554.000000,0,0,0,0.000000,0.000000,0.000000,108812.000000,0,0,0,0.000000,0.000000,0.000000,70813.000000,4,0,0,0.000000,0.000000,0.000000,41415.000000,4,0,0,0.000000,0.000000,0.000000,16886.000000,0,0,0,0.000000,0.000000,0.000000,30229.000000,0,0,0,0.000000,0.000000,0.000000,49980.000000,2,0,0,0.000000,0.000000,0.000000,18780.000000
388,675918.000000,645586.974227,0.000000,1,7,1,0,658990.000000,679575.000000,0.000000,118851.000000,2,1,0,501753.000000,560724.000000,0.000000,127857.000000,5,1,0,373274.000000,432867.000000,0.000000,115617.000000,6,0,0,0.000000,0.000000,0.000000,110439.000000,0,0,0,0.000000,0.000000,0.000000,60241.000000,6,0,0,0.000000,0.000000,0.000000,56263.000000,9,0,0,0.000000,0.000000,0.000000,28123.000000,0,0,0,0.000000,0.000000,0.000000,48231.000000,8,0,0,0.000000,0.000000,0.000000,8132.000000,5,0,0,0.000000,0.000000,0.000000,2164.000000
389,650715.000000,645600.156812,0.000000,1,7,1,0,658990.000000,679575.000000,0.000000,88284.000000,0,0,0,0.000000,0.000000,0.000000,85872.000000,4,1,0,485170.000000,505419.000000,0.000000,118337.000000,5,0,0,0.000000,0.000000,0.000000,82662.000000,3,0,0,0.000000,0.000000,0.000000,39584.000000,1,1,0,230046.000000,237138.000000,0.000000,39441.000000,0,0,0,0.000000,0.000000,0.000000,38940.000000,4,0,0,0.000000,0.000000,0.000000,94271.000000,9,0,0,0.000000,0.000000,0.000000,44930.000000,6,0,0,0.000000,0.000000,0.000000,18394.000000
390,630192.000000,645560.648718,0.000000,1,10,1,0,628334.000000,679575.000000,0.000000,109938.000000,8,1,0,552307.000000,569637.000000,0.000000,35444.000000,0,0,0,0.000000,0.000000,0.000000,77037.000000,10,1,0,403038.000000,457156.000000,0.000000,77518.000000,4,1,0,356093.000000,377063.000000,0.000000,65435.000000,7,0,0,0.000000,0.000000,0.000000,102943.000000,0,0,0,0.000000,0.000000,0.000000,82177.000000,8,0,0,0.000000,0.000000,0.000000,25301.000000,0,0,0,0.000000,0.000000,0.000000,43231.000000,2,0,0,0.000000,0.000000,0.000000,11168.000000
391,667373.000000,645616.434783,0.000000,1,8,1,0,662245.000000,679575.000000,0.000000,36465.000000,4,1,0,625197.000000,643110.000000,0.000000,148563.000000,1,1,0,487539.000000,494547.000000,0.000000,105659.000000,6,1,0,357829.000000,388888.000000,0.000000,79258.000000,7,1,0,287901.000000,309630.000000,0.000000,76863.000000,5,0,0,0.000000,0.000000,0.000000,86076.000000,4,0,0,0.000000,0.000000,0.000000,52470.000000,7,0,0,0.000000,0.000000,0.000000,67274.000000,0,0,0,0.000000,0.000000,0.000000,12909.000000,1,0,0,0.000000,0.000000,0.000000,1836.000000
392,665924.000000,645668.239796,0.000000,1,3,1,0,643256.000000,679575.000000,0.000000,83013.000000,5,1,0,560293.000000,596562.000000,0.000000,92915.000000,2,1,0,437992.000000,503647.000000,0.000000,113386.000000,5,0,0,0.000000,0.000000,0.000000,74208.000000,10,0,0,0.000000,0.000000,0.000000,102866.000000,2,0,0,0.000000,0.000000,0.000000,72674.000000,4,0,0,0.000000,0.000000,0.000000,49509.000000,8,0,0,0.000000,0.000000,0.000000,29170.000000,0,0,0,0.000000,0.000000,0.000000,12836.000000,9,0,0,0.000000,0.000000,0.000000,35347.000000
393,658722.000000,645701.455471,0.000000,1,3,1,0,643256.000000,679575.000000,0.000000,78918.000000,9,1,0,571565.000000,600657.000000,0.000000,100853.000000,0,0,0,0.000000,0.000000,0.000000,72851.000000,4,1,0,407288.000000,426953.000000,0.000000,52962.000000,5,1,0,321244.000000,370493.000000,0.000000,57701.000000,9,0,0,0.000000,0.000000,0.000000,110515.000000,7,0,0,0.000000,0.000000,0.000000,35033.000000,4,0,0,0.000000,0.000000,0.000000,70906.000000,2,0,0,0.000000,0.000000,0.000000,45828.000000,8,0,0,0.000000,0.000000,0.000000,33155.000000
394,631408.000000,645665.177665,0.000000,1,0,0,0,0.000000,0.000000,0.000000,50839.000000,8,1,0,611406.000000,628736.000000,0.000000,84308.000000,3,1,0,508109.000000,544428.000000,0.000000,71516.000000,0,0,0,0.000000,0.000000,0.000000,53522.000000,4,1,0,397729.000000,415642.000000,0.000000,88525.000000,9,0,0,0.000000,0.000000,0.000000,96099.000000,6,0,0,0.000000,0.000000,0.000000,81083.000000,0,0,0,0.000000,0.000000,0.000000,53544.000000,10,0,0,0.000000,0.000000,0.000000,41021.000000,7,0,0,0.000000,0.000000,0.000000,10951.000000
395,575308.000000,645487.058228,0.000000,1,6,1,0,656706.000000,679575.000000,0.000000,96815.000000,7,1,0,562175.000000,582760.000000,0.000000,93915.000000,1,1,0,481837.000000,488845.000000,0.000000,85954.000000,6,1,0,361028.000000,402891.000000,0.000000,76853.000000,1,1,0,311526.000000,318604.000000,0.000000,87636.000000,4,0,0,0.000000,0.000000,0.000000,68719.000000,2,0,0,0.000000,0.000000,0.000000,20920.000000,1,1,0,106101.000000,106346.000000,0.000000,20085.000000,6,0,0,0.000000,0.000000,0.000000,15399.000000,3,0,0,0.000000,0.000000,0.000000,9012.000000
396,622692.000000,645429.494949,0.000000,1,2,1,0,620604.000000,679575.000000,0.000000,86868.000000,1,1,0,585699.000000,592707.000000,0.000000,101219.000000,5,1,0,453009.000000,491488.000000,0.000000,157264.000000,9,0,0,0.000000,0.000000,0.000000,66850.000000,1,1,0,255012.000000,262020.000000,0.000000,51227.000000,6,0,0,0.000000,0.000000,0.000000,47684.000000,9,0,0,0.000000,0.000000,0.000000,32714.000000,2,0,0,0.000000,0.000000,0.000000,42385.000000,9,0,0,0.000000,0.000000,0.000000,5326.000000,9,0,0,0.000000,0.000000,0.000000,31155.000000
397,666552.000000,645482.700252,0.000000,1,3,1,0,643256.000000,679575.000000,0.000000,153571.000000,8,1,0,508674.000000,526004.000000,0.000000,129558.000000,0,0,0,0.000000,0.000000,0.000000,106793.000000,6,0,0,0.000000,0.000000,0.000000,48572.000000,10,0,0,0.000000,0.000000,0.000000,66200.000000,9,0,0,0.000000,0.000000,0.000000,60762.000000,2,0,0,0.000000,0.000000,0.000000,39235.000000,3,0,0,0.000000,0.000000,0.000000,22312.000000,4,0,0,0.000000,0.000000,0.000000,20333.000000,9,0,0,0.000000,0.000000,0.000000,19216.000000
398,659412.000000,645517.698492,0.000000,1,4,1,0,661662.000000,679575.000000,0.000000,131211.000000,3,1,0,512045.000000,548364.000000,0.000000,94769.000000,9,1,0,421483.000000,453595.000000,0.000000,74111.000000,5,0,0,0.000000,0.000000,0.000000,53484.000000,5,0,0,0.000000,0.000000,0.000000,57470.000000,6,0,0,0.000000,0.000000,0.000000,82713.000000,8,0,0,0.000000,0.000000,0.000000,51390.000000,0,0,0,0.000000,0.000000,0.000000,54836.000000,6,0,0,0.000000,0.000000,0.000000,29300.000000,1,0,0,0.000000,0.000000,0.000000,30128.000000
399,624159.000000,645464.167920,0.000000,1,0,0,0,0.000000,0.000000,0.000000,53980.000000,8,1,0,608265.000000,625595.000000,0.000000,50339.000000,1,1,0,568248.000000,575256.000000,0.000000,67015.000000,9,1,0,479149.000000,508241.000000,0.000000,115221.000000,0,0,0,0.000000,0.000000,0.000000,70262.000000,1,0,0,0.000000,0.000000,0.000000,51455.000000,1,0,0,0.000000,0.000000,0.000000,35043.000000,0,0,0,0.000000,0.000000,0.000000,109801.000000,2,0,0,0.000000,0.000000,0.000000,35034.000000,2,0,0,0.000000,0.000000,0.000000,36009.000000
400,626832.000000,645417.587500,0.000000,1,1,1,0,672567.000000,679575.000000,0.000000,99627.000000,0,0,0,0.000000,0.000000,0.000000,62335.000000,2,1,0,442374.000000,517613.000000,0.000000,48269.000000,2,1,0,386783.000000,469344.000000,0.000000,47070.000000,0,0,0,0.000000,0.000000,0.000000,72521.000000,6,0,0,0.000000,0.000000,0.000000,91359.000000,7,0,0,0.000000,0.000000,0.000000,72557.000000,0,0,0,0.000000,0.000000,0.000000,81415.000000,0,0,0,0.000000,0.000000,0.000000,42394.000000,1,0,0,0.000000,0.000000,0.000000,9285.000000
401,649230.000000,645427.094763,0.000000,1,8,1,0,662245.000000,679575.000000,0.000000,114844.000000,7,1,0,541591.000000,564731.000000,0.000000,70106.000000,6,1,0,459760.000000,494625.000000,0.000000,79093.000000,10,0,0,0.000000,0.000000,0.000000,91248.000000,4,1,0,301283.000000,321463.000000,0.000000,91285.000000,3,0,0,0.000000,0.000000,0.000000,72094.000000,0,0,0,0.000000,0.000000,0.000000,58280.000000,10,0,0,0.000000,0.000000,0.000000,39699.000000,1,0,0,0.000000,0.000000,0.000000,6948.000000,8,0,0,0.000000,0.000000,0.000000,25633.000000
402,661393.000000,645466.810945,0.000000,1,8,1,0,662245.000000,679575.000000,0.000000,152361.000000,0,0,0,0.000000,0.000000,0.000000,95816.000000,5,1,0,392919.000000,431398.000000,0.000000,130853.000000,1,1,0,293537.000000,300545.000000,0.000000,95025.000000,2,0,0,0.000000,0.000000,0.000000,56826.000000,2,0,0,0.000000,0.000000,0.000000,33082.000000,10,0,0,0.000000,0.000000,0.000000,45962.000000,3,0,0,0.000000,0.000000,0.000000,32001.000000,8,0,0,0.000000,0.000000,0.000000,16892.000000,2,0,0,0.000000,0.000000,0.000000,2575.000000
403,638898.000000,645450.511166,0.000000,1,8,1,0,662245.000000,679575.000000,0.000000,90704.000000,3,1,0,552552.000000,588871.000000,0.000000,117389.000000,4,1,0,453569.000000,471482.000000,0.000000,95340.000000,7,1,0,355557.000000,376142.000000,0.000000,63824.000000,6,0,0,0.000000,0.000000,0.000000,66650.000000,4,0,0,0.000000,0.000000,0.000000,89252.000000,0,0,0,0.000000,0.000000,0.000000,37194.000000,2,0,0,0.000000,0.000000,0.000000,45283.000000,10,0,0,0.000000,0.000000,0.000000,24042.000000,6,0,0,0.000000,0.000000,0.000000,9220.000000
404,662641.000000,645493.061881,0.000000,1,4,1,0,661662.000000,679575.000000,0.000000,77334.000000,6,1,0,579372.000000,602241.000000,0.000000,77268.000000,0,0,0,0.000000,0.000000,0.000000,145059.000000,9,0,0,0.000000,0.000000,0.000000,62898.000000,7,1,0,285640.000000,305643.000000,0.000000,68249.000000,9,0,0,0.000000,0.000000,0.000000,72949.000000,4,0,0,0.000000,0.000000,0.000000,43588.000000,3,0,0,0.000000,0.000000,0.000000,35953.000000,0,0,0,0.000000,0.000000,0.000000,52468.000000,8,0,0,0.000000,0.000000,0.000000,26875.000000
405,657007.000000,645521.491358,0.000000,1,8,1,0,662245.000000,679575.000000,0.000000,136059.000000,1,1,0,536508.000000,543516.000000,0.000000,118620.000000,7,1,0,400223.000000,424896.000000,0.000000,73693.000000,3,0,0,0.000000,0.000000,0.000000,93605.000000,1,1,0,250590.000000,257598.000000,0.000000,65146.000000,8,0,0,0.000000,0.000000,0.000000,85705.000000,2,0,0,0.000000,0.000000,0.000000,17468.000000,3,0,0,0.000000,0.000000,0.000000,23378.000000,5,0,0,0.000000,0.000000,0.000000,35340.000000,1,0,0,0.000000,0.000000,0.000000,7993.000000
406,672127.000000,645587.022167,0.000000,1,5,1,0,643306.000000,679575.000000,0.000000,85174.000000,4,1,0,576488.000000,594401.000000,0.000000,120460.000000,0,0,0,0.000000,0.000000,0.000000,75376.000000,8,1,0,379815.000000,398565.000000,0.000000,115375.000000,5,0,0,0.000000,0.000000,0.000000,111164.000000,0,0,0,0.000000,0.000000,0.000000,75469.000000,2,0,0,0.000000,0.000000,0.000000,34115.000000,10,0,0,0.000000,0.000000,0.000000,23832.000000,3,0,0,0.000000,0.000000,0.000000,29338.000000,7,0,0,0.000000,0.000000,0.000000,1824.000000
407,658536.000000,645618.837838,0.000000,1,1,1,0,672567.000000,679575.000000,0.000000,71331.000000,4,1,0,590331.000000,608244.000000,0.000000,102180.000000,0,0,0,0.000000,0.000000,0.000000,69274.000000,5,1,0,390534.000000,436790.000000,0.000000,104798.000000,0,0,0,0.000000,0.000000,0.000000,73299.000000,4,0,0,0.000000,0.000000,0.000000,105553.000000,2,0,0,0.000000,0.000000,0.000000,47031.000000,4,0,0,0.000000,0.000000,0.000000,43972.000000,4,0,0,0.000000,0.000000,0.000000,29195.000000,10,0,0,0.000000,0.000000,0.000000,11903.000000
408,666630.000000,645670.335784,0.000000,1,9,1,0,650483.000000,679575.000000,0.000000,92360.000000,0,0,0,0.000000,0.000000,0.000000,148751.000000,6,1,0,415595.000000,438464.000000,0.000000,146591.000000,3,0,0,0.000000,0.000000,0.000000,113432.000000,4,0,0,0.000000,0.000000,0.000000,71552.000000,0,0,0,0.000000,0.000000,0.000000,50738.000000,0,0,0,0.000000,0.000000,0.000000,10082.000000,0,0,0,0.000000,0.000000,0.000000,13672.000000,2,0,0,0.000000,0.000000,0.000000,8622.000000,8,0,0,0.000000,0.000000,0.000000,10830.000000
409,659266.000000,645703.577017,0.000000,1,4,1,0,661662.000000,679575.000000,0.000000,83113.000000,2,1,0,537491.000000,596462.000000,0.000000,141246.000000,0,0,0,0.000000,0.000000,0.000000,141429.000000,4,0,0,0.000000,0.000000,0.000000,78903.000000,10,0,0,0.000000,0.000000,0.000000,69327.000000,10,0,0,0.000000,0.000000,0.000000,52008.000000,0,0,0,0.000000,0.000000,0.000000,22262.000000,5,0,0,0.000000,0.000000,0.000000,24032.000000,5,0,0,0.000000,0.000000,0.000000,29138.000000,9,0,0,0.000000,0.000000,0.000000,17808.000000
410,603607.000000,645600.902439,0.000000,1,5,1,0,643306.000000,679575.000000,0.000000,87333.000000,9,1,0,563150.000000,592242.000000,0.000000,156474.000000,0,0,0,0.000000,0.000000,0.000000,48529.000000,5,0,0,0.000000,0.000000,0.000000,65846.000000,9,0,0,0.000000,0.000000,0.000000,79547.000000,10,0,0,0.000000,0.000000,0.000000,18688.000000,2,0,0,0.000000,0.000000,0.000000,59964.000000,7,0,0,0.000000,0.000000,0.000000,37248.000000,7,0,0,0.000000,0.000000,0.000000,8463.000000,0,0,0,0.000000,0.000000,0.000000,41515.000000
411,668175.000000,645655.827251,0.000000,1,8,1,0,662245.000000,679575.000000,0.000000,103474.000000,2,1,0,513788.000000,576101.000000,0.000000,92144.000000,8,1,0,466627.000000,483957.000000,0.000000,136020.000000,7,0,0,0.000000,0.000000,0.000000,97861.000000,6,0,0,0.000000,0.000000,0.000000,123365.000000,6,0,0,0.000000,0.000000,0.000000,48387.000000,5,0,0,0.000000,0.000000,0.000000,34384.000000,3,0,0,0.000000,0.000000,0.000000,17522.000000,1,0,0,0.000000,0.000000,0.000000,15018.000000,5,0,0,0.000000,0.000000,0.000000,0.000000
412,617230.000000,645586.832524,0.000000,1,5,1,0,643306.000000,679575.000000,0.000000,53978.000000,9,1,0,596505.000000,625597.000000,0.000000,96347.000000,0,0,0,0.000000,0.000000,0.000000,144259.000000,4,1,0,367078.000000,384991.000000,0.000000,80021.000000,0,0,0,0.000000,0.000000,0.000000,82878.000000,1,1,0,200923.000000,207987.000000,0.000000,58496.000000,10,0,0,0.000000,0.000000,0.000000,40306.000000,0,0,0,0.000000,0.000000,0.000000,21350.000000,0,0,0,0.000000,0.000000,0.000000,19328.000000,0,0,0,0.000000,0.000000,0.000000,20267.000000
413,646273.000000,645588.493947,0.000000,1,2,1,0,620604.000000,679575.000000,0.000000,78366.000000,10,1,0,549968.000000,601209.000000,0.000000,112377.000000,0,0,0,0.000000,0.000000,0.000000,128606.000000,0,0,0,0.000000,0.000000,0.000000,67862.000000,1,1,0,285356.000000,292364.000000,0.000000,75965.000000,2,0,0,0.000000,0.000000,0.000000,69161.000000,0,0,0,0.000000,0.000000,0.000000,48161.000000,3,0,0,0.000000,0.000000,0.000000,22305.000000,7,0,0,0.000000,0.000000,0.000000,12167.000000,3,0,0,0.000000,0.000000,0.000000,31303.000000
414,673953.000000,645657.007246,0.000000,1,4,1,0,661662.000000,679575.000000,0.000000,128443.000000,0,0,0,0.000000,0.000000,0.000000,106295.000000,0,0,0,0.000000,0.000000,0.000000,62884.000000,2,0,0,0.000000,0.000000,0.000000,59978.000000,0,0,0,0.000000,0.000000,0.000000,114071.000000,9,0,0,0.000000,0.000000,0.000000,86978.000000,1,0,0,0.000000,0.000000,0.000000,25180.000000,9,0,0,0.000000,0.000000,0.000000,87142.000000,6,0,0,0.000000,0.000000,0.000000,2982.000000,1,0,0,0.000000,0.000000,0.000000,0.000000
415,633180.000000,645626.942169,0.000000,1,8,1,0,662245.000000,679575.000000,0.000000,109931.000000,9,1,0,540552.000000,569644.000000,0.000000,122545.000000,1,1,0,439748.000000,447099.000000,0.000000,55584.000000,0,0,0,0.000000,0.000000,0.000000,75839.000000,9,0,0,0.000000,0.000000,0.000000,60471.000000,5,0,0,0.000000,0.000000,0.000000,42099.000000,2,0,0,0.000000,0.000000,0.000000,70590.000000,6,0,0,0.000000,0.000000,0.000000,42250.000000,5,0,0,0.000000,0.000000,0.000000,41403.000000,1,0,0,0.000000,0.000000,0.000000,12468.000000
416,646370.000000,645628.728365,0.000000,1,1,1,0,672567.000000,679575.000000,0.000000,58896.000000,7,1,0,600094.000000,620679.000000,0.000000,135608.000000,10,1,0,430716.000000,485071.000000,0.000000,88484.000000,0,0,0,0.000000,0.000000,0.000000,67884.000000,0,0,0,0.000000,0.000000,0.000000,101241.000000,0,0,0,0.000000,0.000000,0.000000,63439.000000,1,0,0,0.000000,0.000000,0.000000,57356.000000,8,0,0,0.000000,0.000000,0.000000,32977.000000,6,0,0,0.000000,0.000000,0.000000,8607.000000,4,0,0,0.000000,0.000000,0.000000,31878.000000
417,623492.000000,645575.642686,0.000000,1,4,1,0,661662.000000,679575.000000,0.000000,97593.000000,5,1,0,545713.000000,581982.000000,0.000000,77857.000000,0,0,0,0.000000,0.000000,0.000000,96016.000000,3,1,0,369428.000000,405631.000000,0.000000,71785.000000,2,0,0,0.000000,0.000000,0.000000,80204.000000,3,0,0,0.000000,0.000000,0.000000,45000.000000,8,0,0,0.000000,0.000000,0.000000,52870.000000,10,0,0,0.000000,0.000000,0.000000,44907.000000,6,0,0,0.000000,0.000000,0.000000,44699.000000,3,0,0,0.000000,0.000000,0.000000,12561.000000
418,622751.000000,645521.038278,0.000000,1,0,0,0,0.000000,0.000000,0.000000,95748.000000,2,1,0,524856.000000,583827.000000,0.000000,81551.000000,10,1,0,451035.000000,502276.000000,0.000000,69449.000000,10,1,0,377425.000000,432827.000000,0.000000,78260.000000,10,0,0,0.000000,0.000000,0.000000,78199.000000,8,0,0,0.000000,0.000000,0.000000,60132.000000,0,0,0,0.000000,0.000000,0.000000,79432.000000,10,0,0,0.000000,0.000000,0.000000,32611.000000,9,0,0,0.000000,0.000000,0.000000,27108.000000,8,0,0,0.000000,0.000000,0.000000,20261.000000
419,672631.000000,645585.739857,0.000000,1,10,1,0,628334.000000,679575.000000,0.000000,122448.000000,8,1,0,539797.000000,557127.000000,0.000000,107462.000000,6,1,0,426796.000000,449665.000000,0.000000,74561.000000,8,1,0,352384.000000,375104.000000,0.000000,103200.000000,6,0,0,0.000000,0.000000,0.000000,116183.000000,7,0,0,0.000000,0.000000,0.000000,61567.000000,5,0,0,0.000000,0.000000,0.000000,24770.000000,4,0,0,0.000000,0.000000,0.000000,32252.000000,8,0,0,0.000000,0.000000,0.000000,9144.000000,2,0,0,0.000000,0.000000,0.000000,21044.000000
420,665867.000000,645634.028571,0.000000,1,8,1,0,662245.000000,679575.000000,0.000000,123888.000000,3,1,0,519368.000000,555687.000000,0.000000,79346.000000,3,1,0,439252.000000,476341.000000,0.000000,83251.000000,9,1,0,360598.000000,393090.000000,0.000000,72982.000000,2,0,0,0.000000,0.000000,0.000000,84186.000000,6,0,0,0.000000,0.000000,0.000000,118359.000000,9,0,0,0.000000,0.000000,0.000000,37455.000000,9,0,0,0.000000,0.000000,0.000000,34946.000000,8,0,0,0.000000,0.000000,0.000000,25898.000000,6,0,0,0.000000,0.000000,0.000000,5556.000000
421,660836.000000,645670.137767,0.000000,1,7,1,0,658990.000000,679575.000000,0.000000,120399.000000,1,1,0,552168.000000,559176.000000,0.000000,70217.000000,6,0,0,0.000000,0.000000,0.000000,150712.000000,9,0,0,0.000000,0.000000,0.000000,106118.000000,0,0,0,0.000000,0.000000,0.000000,93867.000000,0,0,0,0.000000,0.000000,0.000000,36457.000000,7,0,0,0.000000,0.000000,0.000000,33393.000000,4,0,0,0.000000,0.000000,0.000000,25457.000000,0,0,0,0.000000,0.000000,0.000000,17790.000000,2,0,0,0.000000,0.000000,0.000000,6426.000000
422,633357.000000,645640.959716,0.000000,1,10,1,0,628334.000000,679575.000000,0.000000,136141.000000,4,1,0,525521.000000,543434.000000,0.000000,92914.000000,1,1,0,443169.000000,450520.000000,0.000000,94839.000000,10,0,0,0.000000,0.000000,0.000000,85569.000000,8,0,0,0.000000,0.000000,0.000000,33162.000000,6,0,0,0.000000,0.000000,0.000000,56646.000000,8,0,0,0.000000,0.000000,0.000000,46317.000000,1,0,0,0.000000,0.000000,0.000000,52316.000000,3,0,0,0.000000,0.000000,0.000000,20425.000000,6,0,0,0.000000,0.000000,0.000000,15028.000000
423,670962.000000,645700.820331,0.000000,1,1,1,0,672567.000000,679575.000000,0.000000,116203.000000,5,1,0,516053.000000,563372.000000,0.000000,105393.000000,2,1,0,383011.000000,457979.000000,0.000000,65897.000000,0,0,0,0.000000,0.000000,0.000000,90650.000000,1,1,0,294424.000000,301432.000000,0.000000,133925.000000,7,0,0,0.000000,0.000000,0.000000,53077.000000,4,0,0,0.000000,0.000000,0.000000,51092.000000,0,0,0,0.000000,0.000000,0.000000,26261.000000,6,0,0,0.000000,0.000000,0.000000,14225.000000,1,0,0,0.000000,0.000000,0.000000,14239.000000
424,661597.000000,645738.311321,0.000000,1,0,0,0,0.000000,0.000000,0.000000,125854.000000,5,1,0,517452.000000,553721.000000,0.000000,115782.000000,8,1,0,417769.000000,437939.000000,0.000000,61753.000000,6,0,0,0.000000,0.000000,0.000000,122749.000000,4,1,0,233024.000000,253437.000000,0.000000,80725.000000,2,0,0,0.000000,0.000000,0.000000,52571.000000,7,0,0,0.000000,0.000000,0.000000,32206.000000,5,0,0,0.000000,0.000000,0.000000,42582.000000,3,0,0,0.000000,0.000000,0.000000,24554.000000,6,0,0,0.000000,0.000000,0.000000,2821.000000
425,679575.000000,645817.927059,0.000000,2,7,1,0,658990.000000,679575.000000,0.000000,81493.000000,1,1,0,591074.000000,598082.000000,0.000000,120446.000000,2,0,0,0.000000,0.000000,0.000000,160618.000000,5,0,0,0.000000,0.000000,0.000000,61674.000000,2,0,0,0.000000,0.000000,0.000000,62711.000000,10,0,0,0.000000,0.000000,0.000000,75353.000000,6,0,0,0.000000,0.000000,0.000000,38309.000000,4,0,0,0.000000,0.000000,0.000000,51935.000000,0,0,0,0.000000,0.000000,0.000000,27036.000000,0,0,0,0.000000,0.000000,0.000000,0.000000
426,614311.000000,645743.967136,0.000000,1,1,1,0,672567.000000,679575.000000,0.000000,59979.000000,9,1,0,590504.000000,619596.000000,0.000000,109200.000000,0,0,0,0.000000,0.000000,0.000000,40201.000000,3,1,0,433106.000000,470195.000000,0.000000,72504.000000,4,1,0,379778.000000,397691.000000,0.000000,70177.000000,5,1,0,276034.000000,324837.000000,0.000000,38933.000000,0,0,0,0.000000,0.000000,0.000000,39232.000000,2,0,0,0.000000,0.000000,0.000000,112130.000000,0,0,0,0.000000,0.000000,0.000000,43364.000000,10,0,0,0.000000,0.000000,0.000000,28591.000000
427,677411.000000,645818.128806,0.000000,1,5,1,0,643306.000000,679575.000000,0.000000,77558.000000,2,1,0,543046.000000,602017.000000,0.000000,86133.000000,8,1,0,498554.000000,515884.000000,0.000000,104209.000000,9,1,0,380883.000000,411675.000000,0.000000,131500.000000,4,1,0,259762.000000,280175.000000,0.000000,85640.000000,1,1,0,184440.000000,194535.000000,0.000000,66393.000000,8,0,0,0.000000,0.000000,0.000000,65873.000000,6,0,0,0.000000,0.000000,0.000000,21510.000000,1,0,0,0.000000,0.000000,0.000000,19899.000000,6,0,0,0.000000,0.000000,0.000000,18696.000000
428,643525.000000,645812.771028,0.000000,1,0,0,0,0.000000,0.000000,0.000000,60783.000000,10,1,0,567551.000000,618792.000000,0.000000,82013.000000,10,1,0,478500.000000,536779.000000,0.000000,76669.000000,0,0,0,0.000000,0.000000,0.000000,77064.000000,5,1,0,316805.000000,375321.000000,0.000000,79987.000000,3,0,0,0.000000,0.000000,0.000000,123417.000000,0,0,0,0.000000,0.000000,0.000000,82366.000000,5,0,0,0.000000,0.000000,0.000000,31794.000000,3,0,0,0.000000,0.000000,0.000000,29432.000000,6,0,0,0.000000,0.000000,0.000000,0.000000
429,633733.000000,645784.613054,0.000000,1,8,1,0,662245.000000,679575.000000,0.000000,90301.000000,7,1,0,568689.000000,589274.000000,0.000000,43680.000000,5,1,0,509325.000000,545594.000000,0.000000,75744.000000,2,1,0,409595.000000,469850.000000,0.000000,94018.000000,0,0,0,0.000000,0.000000,0.000000,93387.000000,5,0,0,0.000000,0.000000,0.000000,110633.000000,9,0,0,0.000000,0.000000,0.000000,48122.000000,2,0,0,0.000000,0.000000,0.000000,20207.000000,0,0,0,0.000000,0.000000,0.000000,40281.000000,1,0,0,0.000000,0.000000,0.000000,17360.000000
430,665787.000000,645831.130233,0.000000,1,3,1,0,643256.000000,679575.000000,0.000000,82887.000000,10,1,0,545447.000000,596688.000000,0.000000,115832.000000,7,1,0,458738.000000,480856.000000,0.000000,115861.000000,7,1,0,341344.000000,364995.000000,0.000000,86127.000000,0,0,0,0.000000,0.000000,0.000000,80317.000000,7,0,0,0.000000,0.000000,0.000000,43899.000000,3,0,0,0.000000,0.000000,0.000000,52506.000000,8,0,0,0.000000,0.000000,0.000000,73260.000000,5,0,0,0.000000,0.000000,0.000000,11852.000000,9,0,0,0.000000,0.000000,0.000000,3246.000000
431,679575.000000,645909.422274,0.000000,1,2,1,0,620604.000000,679575.000000,0.000000,76419.000000,3,1,0,566837.000000,603156.000000,0.000000,119277.000000,0,0,0,0.000000,0.000000,0.000000,83188.000000,10,1,0,347532.000000,400691.000000,0.000000,136756.000000,0,0,0,0.000000,0.000000,0.000000,93842.000000,8,1,0,149674.000000,170093.000000,0.000000,59281.000000,0,0,0,0.000000,0.000000,0.000000,48616.000000,1,0,0,0.000000,0.000000,0.000000,25701.000000,1,0,0,0.000000,0.000000,0.000000,25323.000000,9,0,0,0.000000,0.000000,0.000000,11172.000000
432,632767.000000,645879.000000,0.000000,1,10,1,0,628334.000000,679575.000000,0.000000,116416.000000,0,0,0,0.000000,0.000000,0.000000,99968.000000,3,1,0,424562.000000,463191.000000,0.000000,66144.000000,0,0,0,0.000000,0.000000,0.000000,115715.000000,8,1,0,255805.000000,281332.000000,0.000000,69864.000000,9,0,0,0.000000,0.000000,0.000000,30889.000000,10,0,0,0.000000,0.000000,0.000000,27079.000000,2,0,0,0.000000,0.000000,0.000000,52587.000000,9,0,0,0.000000,0.000000,0.000000,20577.000000,3,0,0,0.000000,0.000000,0.000000,33528.000000
433,605846.000000,645786.545035,0.000000,1,0,0,0,0.000000,0.000000,0.000000,55113.000000,0,0,0,0.000000,0.000000,0.000000,74896.000000,3,1,0,513247.000000,549566.000000,0.000000,116408.000000,0,0,0,0.000000,0.000000,0.000000,135457.000000,1,1,0,290665.000000,297701.000000,0.000000,62156.000000,4,0,0,0.000000,0.000000,0.000000,58296.000000,5,0,0,0.000000,0.000000,0.000000,67588.000000,1,0,0,0.000000,0.000000,0.000000,13185.000000,2,0,0,0.000000,0.000000,0.000000,15009.000000,6,0,0,0.000000,0.000000,0.000000,7738.000000
434,628922.000000,645747.686636,0.000000,1,3,1,0,643256.000000,679575.000000,0.000000,88113.000000,10,1,0,540221.000000,591462.000000,0.000000,100701.000000,10,1,0,439520.000000,490761.000000,0.000000,115093.000000,2,0,0,0.000000,0.000000,0.000000,41881.000000,2,0,0,0.000000,0.000000,0.000000,68658.000000,9,0,0,0.000000,0.000000,0.000000,55215.000000,0,0,0,0.000000,0.000000,0.000000,62870.000000,5,0,0,0.000000,0.000000,0.000000,26505.000000,9,0,0,0.000000,0.000000,0.000000,30546.000000,4,0,0,0.000000,0.000000,0.000000,39340.000000
435,643000.000000,645741.370115,0.000000,1,1,1,0,672567.000000,679575.000000,0.000000,100432.000000,10,1,0,527902.000000,579143.000000,0.000000,103247.000000,8,1,0,458566.000000,475896.000000,0.000000,66116.000000,6,0,0,0.000000,0.000000,0.000000,97104.000000,4,0,0,0.000000,0.000000,0.000000,69160.000000,3,0,0,0.000000,0.000000,0.000000,85104.000000,6,0,0,0.000000,0.000000,0.000000,26379.000000,6,0,0,0.000000,0.000000,0.000000,45352.000000,0,0,0,0.000000,0.000000,0.000000,42210.000000,0,0,0,0.000000,0.000000,0.000000,7896.000000
436,607986.000000,645654.775229,0.000000,1,10,1,0,628334.000000,679575.000000,0.000000,115356.000000,0,0,0,0.000000,0.000000,0.000000,84599.000000,10,1,0,418147.000000,479620.000000,0.000000,85905.000000,6,1,0,358276.000000,393715.000000,0.000000,101631.000000,4,0,0,0.000000,0.000000,0.000000,90166.000000,7,0,0,0.000000,0.000000,0.000000,57755.000000,6,0,0,0.000000,0.000000,0.000000,37649.000000,7,0,0,0.000000,0.000000,0.000000,2164.000000,0,0,0,0.000000,0.000000,0.000000,17521.000000,8,0,0,0.000000,0.000000,0.000000,15240.000000
437,649175.000000,645662.830664,0.000000,1,2,1,0,620604.000000,679575.000000,0.000000,70498.000000,2,1,0,543686.000000,609077.000000,0.000000,89605.000000,7,1,0,494799.000000,519472.000000,0.000000,147631.000000,3,0,0,0.000000,0.000000,0.000000,82496.000000,10,0,0,0.000000,0.000000,0.000000,93899.000000,2,0,0,0.000000,0.000000,0.000000,66790.000000,1,0,0,0.000000,0.000000,0.000000,48921.000000,5,0,0,0.000000,0.000000,0.000000,12084.000000,6,0,0,0.000000,0.000000,0.000000,27320.000000,0,0,0,0.000000,0.000000,0.000000,9931.000000
438,671236.000000,645721.216895,0.000000,1,6,1,0,656706.000000,679575.000000,0.000000,121849.000000,4,1,0,539813.000000,557726.000000,0.000000,83920.000000,0,0,0,0.000000,0.000000,0.000000,65076.000000,7,0,0,0.000000,0.000000,0.000000,103003.000000,8,1,0,279112.000000,300577.000000,0.000000,55519.000000,1,1,1,239192.000000,234656.000000,20000.000000,60827.000000,0,0,0,0.000000,0.000000,0.000000,75023.000000,4,0,0,0.000000,0.000000,0.000000,25324.000000,2,0,0,0.000000,0.000000,0.000000,28641.000000,4,0,0,0.000000,0.000000,0.000000,32054.000000
439,675927.000000,645790.022779,0.000000,1,7,1,0,658990.000000,679575.000000,0.000000,118489.000000,7,1,0,540501.000000,561086.000000,0.000000,127572.000000,8,1,0,416184.000000,433514.000000,0.000000,135875.000000,10,0,0,0.000000,0.000000,0.000000,55506.000000,5,0,0,0.000000,0.000000,0.000000,112847.000000,3,0,0,0.000000,0.000000,0.000000,50297.000000,6,0,0,0.000000,0.000000,0.000000,22792.000000,0,0,0,0.000000,0.000000,0.000000,22394.000000,3,0,0,0.000000,0.000000,0.000000,27478.000000,6,0,0,0.000000,0.000000,0.000000,2677.000000
440,591843.000000,645667.415909,0.000000,1,0,0,0,0.000000,0.000000,0.000000,81645.000000,3,1,0,561611.000000,597930.000000,0.000000,56531.000000,6,1,0,518530.000000,541399.000000,0.000000,59087.000000,4,1,0,464399.000000,482312.000000,0.000000,47357.000000,0,0,0,0.000000,0.000000,0.000000,38062.000000,8,1,0,377433.000000,379719.000000,0.000000,150565.000000,0,0,0,0.000000,0.000000,0.000000,64424.000000,0,0,0,0.000000,0.000000,0.000000,39105.000000,0,0,0,0.000000,0.000000,0.000000,35851.000000,0,0,0,0.000000,0.000000,0.000000,19216.000000
441,654268.000000,645686.918367,0.000000,1,0,0,0,0.000000,0.000000,0.000000,72228.000000,7,1,0,586762.000000,607347.000000,0.000000,104953.000000,1,1,0,495386.000000,502394.000000,0.000000,100401.000000,1,1,0,394915.000000,401993.000000,0.000000,124923.000000,2,0,0,0.000000,0.000000,0.000000,75020.000000,8,0,0,0.000000,0.000000,0.000000,54240.000000,6,0,0,0.000000,0.000000,0.000000,62857.000000,7,0,0,0.000000,0.000000,0.000000,41106.000000,0,0,0,0.000000,0.000000,0.000000,13147.000000,1,0,0,0.000000,0.000000,0.000000,5393.000000
442,669029.000000,645739.728507,0.000000,1,6,1,0,656706.000000,679575.000000,0.000000,127597.000000,0,0,0,0.000000,0.000000,0.000000,122662.000000,6,0,0,0.000000,0.000000,0.000000,80086.000000,6,0,0,0.000000,0.000000,0.000000,52898.000000,4,1,0,274915.000000,291182.000000,0.000000,97706.000000,9,0,0,0.000000,0.000000,0.000000,54349.000000,7,0,0,0.000000,0.000000,0.000000,50492.000000,8,0,0,0.000000,0.000000,0.000000,41519.000000,0,0,0,0.000000,0.000000,0.000000,23792.000000,10,0,0,0.000000,0.000000,0.000000,17928.000000
443,604728.000000,645647.151242,0.000000,1,0,0,0,0.000000,0.000000,0.000000,162713.000000,0,0,0,0.000000,0.000000,0.000000,90150.000000,0,0,0,0.000000,0.000000,0.000000,106110.000000,5,0,0,0.000000,0.000000,0.000000,62533.000000,2,0,0,0.000000,0.000000,0.000000,69272.000000,0,0,0,0.000000,0.000000,0.000000,45492.000000,5,0,0,0.000000,0.000000,0.000000,32433.000000,6,0,0,0.000000,0.000000,0.000000,16202.000000,0,0,0,0.000000,0.000000,0.000000,16023.000000,1,0,0,0.000000,0.000000,0.000000,3800.000000
444,661550.000000,645682.968468,0.000000,1,8,1,0,662245.000000,679575.000000,0.000000,85049.000000,1,1,0,587518.000000,594526.000000,0.000000,120711.000000,9,1,0,444723.000000,473815.000000,0.000000,76110.000000,5,0,0,0.000000,0.000000,0.000000,110219.000000,0,0,0,0.000000,0.000000,0.000000,68704.000000,10,0,0,0.000000,0.000000,0.000000,87140.000000,6,0,0,0.000000,0.000000,0.000000,46895.000000,0,0,0,0.000000,0.000000,0.000000,52691.000000,0,0,0,0.000000,0.000000,0.000000,5756.000000,1,0,0,0.000000,0.000000,0.000000,8275.000000
445,672141.000000,645742.424719,0.000000,1,0,0,0,0.000000,0.000000,0.000000,74885.000000,10,1,0,553449.000000,604690.000000,0.000000,150267.000000,7,1,0,433838.000000,454423.000000,0.000000,93610.000000,6,0,0,0.000000,0.000000,0.000000,75678.000000,0,0,0,0.000000,0.000000,0.000000,91817.000000,7,0,0,0.000000,0.000000,0.000000,73404.000000,1,0,0,0.000000,0.000000,0.000000,59383.000000,0,0,0,0.000000,0.000000,0.000000,41247.000000,1,0,0,0.000000,0.000000,0.000000,4416.000000,2,0,0,0.000000,0.000000,0.000000,7434.000000
446,677637.000000,645813.937220,0.000000,1,7,1,0,658990.000000,679575.000000,0.000000,119293.000000,3,1,0,520113.000000,560282.000000,0.000000,120193.000000,0,0,0,0.000000,0.000000,0.000000,137992.000000,9,0,0,0.000000,0.000000,0.000000,59230.000000,1,1,0,235859.000000,242867.000000,0.000000,76744.000000,9,0,0,0.000000,0.000000,0.000000,65320.000000,2,0,0,0.000000,0.000000,0.000000,21394.000000,4,0,0,0.000000,0.000000,0.000000,27286.000000,7,0,0,0.000000,0.000000,0.000000,34263.000000,6,0,0,0.000000,0.000000,0.000000,15922.000000
447,650484.000000,645824.384787,0.000000,1,0,0,0,0.000000,0.000000,0.000000,63840.000000,0,0,0,0.000000,0.000000,0.000000,72356.000000,5,1,0,493850.000000,543379.000000,0.000000,60414.000000,1,1,0,475957.000000,482965.000000,0.000000,73359.000000,10,1,0,346849.000000,407706.000000,0.000000,69217.000000,9,0,0,0.000000,0.000000,0.000000,133519.000000,9,0,0,0.000000,0.000000,0.000000,58267.000000,8,0,0,0.000000,0.000000,0.000000,65757.000000,8,0,0,0.000000,0.000000,0.000000,45301.000000,4,0,0,0.000000,0.000000,0.000000,8454.000000
448,621079.000000,645769.149554,0.000000,1,2,1,0,620604.000000,679575.000000,0.000000,42211.000000,3,1,0,601045.000000,637364.000000,0.000000,112963.000000,9,1,0,493184.000000,524401.000000,0.000000,64171.000000,0,0,0,0.000000,0.000000,0.000000,82469.000000,10,1,0,322368.000000,375283.000000,0.000000,82302.000000,8,0,0,0.000000,0.000000,0.000000,63306.000000,2,0,0,0.000000,0.000000,0.000000,60959.000000,10,0,0,0.000000,0.000000,0.000000,32503.000000,6,0,0,0.000000,0.000000,0.000000,48419.000000,3,0,0,0.000000,0.000000,0.000000,31776.000000
449,667623.000000,645817.821826,0.000000,1,0,0,0,0.000000,0.000000,0.000000,64105.000000,8,1,0,598140.000000,615470.000000,0.000000,66984.000000,8,1,0,531156.000000,548486.000000,0.000000,78723.000000,5,1,0,408995.000000,469763.000000,0.000000,72094.000000,0,0,0,0.000000,0.000000,0.000000,126100.000000,5,0,0,0.000000,0.000000,0.000000,74535.000000,3,0,0,0.000000,0.000000,0.000000,77077.000000,0,0,0,0.000000,0.000000,0.000000,59538.000000,4,0,0,0.000000,0.000000,0.000000,36920.000000,10,0,0,0.000000,0.000000,0.000000,11547.000000
450,636854.000000,645797.902222,0.000000,1,6,1,0,656706.000000,679575.000000,0.000000,55569.000000,6,1,0,601137.000000,624006.000000,0.000000,83375.000000,4,1,0,522718.000000,540631.000000,0.000000,48706.000000,3,1,0,455606.000000,491925.000000,0.000000,76142.000000,3,1,0,379464.000000,408007.000000,0.000000,104080.000000,0,0,0,0.000000,0.000000,0.000000,108141.000000,8,0,0,0.000000,0.000000,0.000000,50816.000000,3,0,0,0.000000,0.000000,0.000000,67453.000000,3,0,0,0.000000,0.000000,0.000000,27745.000000,5,0,0,0.000000,0.000000,0.000000,14827.000000
451,641075.000000,645787.430155,0.000000,1,0,0,0,0.000000,0.000000,0.000000,79636.000000,9,1,0,570847.000000,599939.000000,0.000000,121079.000000,0,0,0,0.000000,0.000000,0.000000,89244.000000,0,0,0,0.000000,0.000000,0.000000,143472.000000,1,0,0,0.000000,0.000000,0.000000,69471.000000,0,0,0,0.000000,0.000000,0.000000,44286.000000,1,0,0,0.000000,0.000000,0.000000,57619.000000,2,0,0,0.000000,0.000000,0.000000,11746.000000,0,0,0,0.000000,0.000000,0.000000,12990.000000,0,0,0,0.000000,0.000000,0.000000,11532.000000
452,598450.000000,645682.701327,0.000000,1,0,0,0,0.000000,0.000000,0.000000,62561.000000,0,0,0,0.000000,0.000000,0.000000,86602.000000,5,1,0,494143.000000,530412.000000,0.000000,72758.000000,5,1,0,421385.000000,457654.000000,0.000000,117587.000000,6,0,0,0.000000,0.000000,0.000000,98626.000000,1,1,0,232684.000000,239692.000000,0.000000,59328.000000,1,1,0,165202.000000,170310.000000,0.000000,25842.000000,0,0,0,0.000000,0.000000,0.000000,26934.000000,4,0,0,0.000000,0.000000,0.000000,38510.000000,3,0,0,0.000000,0.000000,0.000000,9702.000000
453,675202.000000,645747.865342,0.000000,1,0,0,0,0.000000,0.000000,0.000000,105769.000000,10,1,0,522565.000000,573806.000000,0.000000,73083.000000,10,1,0,449482.000000,500723.000000,0.000000,96012.000000,2,0,0,0.000000,0.000000,0.000000,85888.000000,9,0,0,0.000000,0.000000,0.000000,87282.000000,10,0,0,0.000000,0.000000,0.000000,58655.000000,10,0,0,0.000000,0.000000,0.000000,52574.000000,5,0,0,0.000000,0.000000,0.000000,64439.000000,6,0,0,0.000000,0.000000,0.000000,41955.000000,4,0,0,0.000000,0.000000,0.000000,9545.000000
454,658635.000000,645776.251101,0.000000,1,0,0,0,0.000000,0.000000,0.000000,94668.000000,1,1,0,577899.000000,584907.000000,0.000000,88970.000000,4,1,0,478024.000000,495937.000000,0.000000,89250.000000,0,0,0,0.000000,0.000000,0.000000,85883.000000,0,0,0,0.000000,0.000000,0.000000,113604.000000,3,0,0,0.000000,0.000000,0.000000,37952.000000,10,0,0,0.000000,0.000000,0.000000,80806.000000,5,0,0,0.000000,0.000000,0.000000,36247.000000,9,0,0,0.000000,0.000000,0.000000,26813.000000,7,0,0,0.000000,0.000000,0.000000,4442.000000
455,679575.000000,645850.534066,0.000000,1,10,1,0,628334.000000,679575.000000,0.000000,162172.000000,4,1,0,499490.000000,517403.000000,0.000000,92876.000000,4,1,0,406614.000000,424527.000000,0.000000,91230.000000,1,1,0,325603.000000,333297.000000,0.000000,54575.000000,3,0,0,0.000000,0.000000,0.000000,93525.000000,0,0,0,0.000000,0.000000,0.000000,70163.000000,0,0,0,0.000000,0.000000,0.000000,22750.000000,6,0,0,0.000000,0.000000,0.000000,22206.000000,0,0,0,0.000000,0.000000,0.000000,38038.000000,10,0,0,0.000000,0.000000,0.000000,32040.000000
456,679575.000000,645924.491228,0.000000,1,10,1,0,628334.000000,679575.000000,0.000000,107551.000000,1,1,0,563987.000000,572024.000000,0.000000,96585.000000,2,1,0,407480.000000,475439.000000,0.000000,67758.000000,6,1,0,384812.000000,407681.000000,0.000000,117520.000000,0,0,0,0.000000,0.000000,0.000000,68918.000000,9,0,0,0.000000,0.000000,0.000000,97540.000000,8,0,0,0.000000,0.000000,0.000000,39665.000000,4,0,0,0.000000,0.000000,0.000000,55444.000000,3,0,0,0.000000,0.000000,0.000000,25927.000000,9,0,0,0.000000,0.000000,0.000000,2667.000000
457,655808.000000,645946.118162,0.000000,1,6,1,0,656706.000000,679575.000000,0.000000,70194.000000,2,1,0,550410.000000,609381.000000,0.000000,68977.000000,7,1,0,519819.000000,540404.000000,0.000000,87646.000000,4,1,0,434845.000000,452758.000000,0.000000,136180.000000,8,0,0,0.000000,0.000000,0.000000,86781.000000,2,0,0,0.000000,0.000000,0.000000,59709.000000,0,0,0,0.000000,0.000000,0.000000,44095.000000,5,0,0,0.000000,0.000000,0.000000,48582.000000,1,0,0,0.000000,0.000000,0.000000,19209.000000,4,0,0,0.000000,0.000000,0.000000,34435.000000
458,679575.000000,646019.543668,0.000000,1,0,0,0,0.000000,0.000000,0.000000,91957.000000,3,1,0,551299.000000,587618.000000,0.000000,73742.000000,0,0,0,0.000000,0.000000,0.000000,128589.000000,5,0,0,0.000000,0.000000,0.000000,34619.000000,8,0,0,0.000000,0.000000,0.000000,95056.000000,8,0,0,0.000000,0.000000,0.000000,90053.000000,10,0,0,0.000000,0.000000,0.000000,73797.000000,2,0,0,0.000000,0.000000,0.000000,30145.000000,8,0,0,0.000000,0.000000,0.000000,59139.000000,3,0,0,0.000000,0.000000,0.000000,2478.000000
459,653577.000000,646036.008715,0.000000,1,9,1,0,650483.000000,679575.000000,0.000000,152325.000000,3,1,0,490931.000000,527250.000000,0.000000,91326.000000,10,0,0,0.000000,0.000000,0.000000,109476.000000,3,0,0,0.000000,0.000000,0.000000,100373.000000,9,0,0,0.000000,0.000000,0.000000,64717.000000,10,0,0,0.000000,0.000000,0.000000,46756.000000,8,0,0,0.000000,0.000000,0.000000,30570.000000,6,0,0,0.000000,0.000000,0.000000,48800.000000,2,0,0,0.000000,0.000000,0.000000,4544.000000,7,0,0,0.000000,0.000000,0.000000,4690.000000
460,650467.000000,646045.641304,0.000000,1,3,1,0,643256.000000,679575.000000,0.000000,89557.000000,7,1,0,569433.000000,590018.000000,0.000000,65672.000000,0,0,0,0.000000,0.000000,0.000000,178582.000000,5,0,0,0.000000,0.000000,0.000000,70502.000000,0,0,0,0.000000,0.000000,0.000000,46278.000000,5,0,0,0.000000,0.000000,0.000000,58730.000000,9,0,0,0.000000,0.000000,0.000000,100252.000000,8,0,0,0.000000,0.000000,0.000000,19732.000000,5,0,0,0.000000,0.000000,0.000000,12732.000000,0,0,0,0.000000,0.000000,0.000000,8430.000000
461,649992.000000,646054.201735,0.000000,1,8,1,0,662245.000000,679575.000000,0.000000,141805.000000,5,1,0,501501.000000,537770.000000,0.000000,80289.000000,3,1,0,421162.000000,457481.000000,0.000000,141746.000000,5,0,0,0.000000,0.000000,0.000000,66013.000000,1,1,0,242714.000000,249722.000000,0.000000,24428.000000,4,0,0,0.000000,0.000000,0.000000,102266.000000,8,0,0,0.000000,0.000000,0.000000,28651.000000,3,0,0,0.000000,0.000000,0.000000,36524.000000,3,0,0,0.000000,0.000000,0.000000,21220.000000,9,0,0,0.000000,0.000000,0.000000,7050.000000
462,615934.000000,645989.006494,0.000000,1,0,0,0,0.000000,0.000000,0.000000,91746.000000,7,1,0,567244.000000,587829.000000,0.000000,62541.000000,7,1,0,504703.000000,525288.000000,0.000000,106010.000000,10,1,0,368037.000000,419278.000000,0.000000,90454.000000,0,0,0,0.000000,0.000000,0.000000,109020.000000,1,1,0,204392.000000,213679.000000,0.000000,78029.000000,1,0,0,0.000000,0.000000,0.000000,26008.000000,0,0,0,0.000000,0.000000,0.000000,32352.000000,3,0,0,0.000000,0.000000,0.000000,9150.000000,6,0,0,0.000000,0.000000,0.000000,10624.000000
463,634717.000000,645964.660907,0.000000,1,7,1,0,658990.000000,679575.000000,0.000000,119993.000000,5,1,0,523313.000000,559582.000000,0.000000,104266.000000,2,1,0,382169.000000,455316.000000,0.000000,85936.000000,0,0,0,0.000000,0.000000,0.000000,75435.000000,2,0,0,0.000000,0.000000,0.000000,43949.000000,3,0,0,0.000000,0.000000,0.000000,64227.000000,3,0,0,0.000000,0.000000,0.000000,50277.000000,4,0,0,0.000000,0.000000,0.000000,49551.000000,5,0,0,0.000000,0.000000,0.000000,31356.000000,0,0,0,0.000000,0.000000,0.000000,9727.000000
464,664757.000000,646005.161638,0.000000,1,0,0,0,0.000000,0.000000,0.000000,78186.000000,0,0,0,0.000000,0.000000,0.000000,70271.000000,1,1,0,524110.000000,531118.000000,0.000000,65213.000000,9,1,0,436813.000000,463427.000000,0.000000,137855.000000,0,0,0,0.000000,0.000000,0.000000,79778.000000,9,0,0,0.000000,0.000000,0.000000,69936.000000,2,0,0,0.000000,0.000000,0.000000,39601.000000,2,0,0,0.000000,0.000000,0.000000,39399.000000,5,0,0,0.000000,0.000000,0.000000,64665.000000,9,0,0,0.000000,0.000000,0.000000,19853.000000
465,647433.000000,646008.232258,0.000000,1,2,1,0,620604.000000,679575.000000,0.000000,84105.000000,8,1,0,578140.000000,595470.000000,0.000000,105158.000000,4,1,0,472399.000000,490312.000000,0.000000,96899.000000,5,0,0,0.000000,0.000000,0.000000,74535.000000,7,0,0,0.000000,0.000000,0.000000,59961.000000,5,0,0,0.000000,0.000000,0.000000,62642.000000,8,0,0,0.000000,0.000000,0.000000,51774.000000,0,0,0,0.000000,0.000000,0.000000,76755.000000,7,0,0,0.000000,0.000000,0.000000,25026.000000,0,0,0,0.000000,0.000000,0.000000,10578.000000
466,669275.000000,646058.160944,0.000000,1,0,0,0,0.000000,0.000000,0.000000,143888.000000,1,1,0,528679.000000,535687.000000,0.000000,80122.000000,7,0,0,0.000000,0.000000,0.000000,148845.000000,6,0,0,0.000000,0.000000,0.000000,94544.000000,4,1,0,192175.000000,212176.000000,0.000000,71836.000000,7,0,0,0.000000,0.000000,0.000000,93612.000000,3,0,0,0.000000,0.000000,0.000000,14186.000000,0,0,0,0.000000,0.000000,0.000000,9547.000000,6,0,0,0.000000,0.000000,0.000000,3976.000000,3,0,0,0.000000,0.000000,0.000000,8719.000000
467,645723.000000,646057.443255,0.000000,1,8,1,0,662245.000000,679575.000000,0.000000,58985.000000,9,1,0,591498.000000,620590.000000,0.000000,136542.000000,9,1,0,448395.000000,484048.000000,0.000000,100722.000000,8,0,0,0.000000,0.000000,0.000000,100267.000000,6,0,0,0.000000,0.000000,0.000000,67134.000000,6,0,0,0.000000,0.000000,0.000000,61900.000000,7,0,0,0.000000,0.000000,0.000000,21514.000000,1,0,0,0.000000,0.000000,0.000000,76580.000000,6,0,0,0.000000,0.000000,0.000000,13616.000000,3,0,0,0.000000,0.000000,0.000000,8463.000000
468,662148.000000,646091.824786,0.000000,1,0,0,0,0.000000,0.000000,0.000000,76371.000000,9,1,0,574112.000000,603204.000000,0.000000,95521.000000,10,1,0,456442.000000,507683.000000,0.000000,118802.000000,8,1,0,366323.000000,388881.000000,0.000000,91047.000000,6,0,0,0.000000,0.000000,0.000000,76640.000000,9,0,0,0.000000,0.000000,0.000000,37357.000000,9,0,0,0.000000,0.000000,0.000000,71868.000000,1,0,0,0.000000,0.000000,0.000000,29598.000000,9,0,0,0.000000,0.000000,0.000000,8947.000000,6,0,0,0.000000,0.000000,0.000000,55997.000000
469,672390.000000,646147.897655,0.000000,1,9,1,0,650483.000000,679575.000000,0.000000,81818.000000,10,1,0,546516.000000,597757.000000,0.000000,133126.000000,0,0,0,0.000000,0.000000,0.000000,74501.000000,1,0,0,0.000000,0.000000,0.000000,86794.000000,1,0,0,0.000000,0.000000,0.000000,68251.000000,5,0,0,0.000000,0.000000,0.000000,26803.000000,1,0,0,0.000000,0.000000,0.000000,76553.000000,1,0,0,0.000000,0.000000,0.000000,85932.000000,6,0,0,0.000000,0.000000,0.000000,19034.000000,10,0,0,0.000000,0.000000,0.000000,19578.000000
470,601456.000000,646052.808511,0.000000,1,0,0,0,0.000000,0.000000,0.000000,73141.000000,0,0,0,0.000000,0.000000,0.000000,87201.000000,8,1,0,501903.000000,519233.000000,0.000000,53494.000000,7,1,0,441577.000000,465739.000000,0.000000,59747.000000,7,1,0,381005.000000,405992.000000,0.000000,93336.000000,10,0,0,0.000000,0.000000,0.000000,82233.000000,2,0,0,0.000000,0.000000,0.000000,99022.000000,4,0,0,0.000000,0.000000,0.000000,11098.000000,2,0,0,0.000000,0.000000,0.000000,27016.000000,6,0,0,0.000000,0.000000,0.000000,15168.000000
471,662651.000000,646088.048832,0.000000,1,5,1,0,643306.000000,679575.000000,0.000000,68668.000000,9,1,0,581815.000000,610907.000000,0.000000,96802.000000,8,1,0,496775.000000,514105.000000,0.000000,95850.000000,9,1,0,382320.000000,418255.000000,0.000000,110209.000000,9,0,0,0.000000,0.000000,0.000000,57399.000000,10,0,0,0.000000,0.000000,0.000000,62746.000000,0,0,0,0.000000,0.000000,0.000000,59371.000000,6,0,0,0.000000,0.000000,0.000000,27491.000000,4,0,0,0.000000,0.000000,0.000000,44025.000000,0,0,0,0.000000,0.000000,0.000000,40090.000000
472,637393.000000,646069.627119,0.000000,1,0,0,0,0.000000,0.000000,0.000000,138455.000000,6,1,0,518251.000000,541120.000000,0.000000,89049.000000,9,1,0,421469.000000,452071.000000,0.000000,84491.000000,10,0,0,0.000000,0.000000,0.000000,65151.000000,1,1,0,289273.000000,299752.000000,0.000000,75421.000000,6,0,0,0.000000,0.000000,0.000000,58271.000000,1,1,0,147070.000000,158029.000000,0.000000,52803.000000,2,0,0,0.000000,0.000000,0.000000,34929.000000,3,0,0,0.000000,0.000000,0.000000,25494.000000,9,0,0,0.000000,0.000000,0.000000,13329.000000
473,643007.000000,646063.152220,0.000000,1,10,1,0,628334.000000,679575.000000,0.000000,106199.000000,4,1,0,555463.000000,573376.000000,0.000000,135058.000000,4,1,0,414229.000000,438318.000000,0.000000,87070.000000,0,0,0,0.000000,0.000000,0.000000,90602.000000,0,0,0,0.000000,0.000000,0.000000,86904.000000,4,0,0,0.000000,0.000000,0.000000,58913.000000,5,0,0,0.000000,0.000000,0.000000,52485.000000,0,0,0,0.000000,0.000000,0.000000,9933.000000,10,0,0,0.000000,0.000000,0.000000,7947.000000,8,0,0,0.000000,0.000000,0.000000,7896.000000
474,656247.000000,646084.637131,0.000000,1,6,1,0,656706.000000,679575.000000,0.000000,106616.000000,10,1,0,521718.000000,572959.000000,0.000000,64513.000000,0,0,0,0.000000,0.000000,0.000000,195781.000000,0,0,0,0.000000,0.000000,0.000000,81153.000000,10,0,0,0.000000,0.000000,0.000000,62213.000000,8,0,0,0.000000,0.000000,0.000000,46775.000000,10,0,0,0.000000,0.000000,0.000000,18661.000000,6,0,0,0.000000,0.000000,0.000000,21105.000000,7,0,0,0.000000,0.000000,0.000000,12432.000000,0,0,0,0.000000,0.000000,0.000000,46998.000000
475,654810.000000,646103.006316,0.000000,1,7,1,0,658990.000000,679575.000000,0.000000,97164.000000,10,1,0,531170.000000,582411.000000,0.000000,72707.000000,9,1,0,476082.000000,509704.000000,0.000000,62666.000000,2,1,0,366769.000000,447038.000000,0.000000,105190.000000,2,0,0,0.000000,0.000000,0.000000,96947.000000,9,0,0,0.000000,0.000000,0.000000,111929.000000,9,0,0,0.000000,0.000000,0.000000,35657.000000,4,0,0,0.000000,0.000000,0.000000,26039.000000,9,0,0,0.000000,0.000000,0.000000,37013.000000,5,0,0,0.000000,0.000000,0.000000,9498.000000
476,610682.000000,646028.592437,0.000000,1,7,1,0,658990.000000,679575.000000,0.000000,89196.000000,0,0,0,0.000000,0.000000,0.000000,165271.000000,7,0,0,0.000000,0.000000,0.000000,27416.000000,1,1,0,390684.000000,397692.000000,0.000000,77661.000000,9,0,0,0.000000,0.000000,0.000000,93347.000000,0,0,0,0.000000,0.000000,0.000000,46741.000000,0,0,0,0.000000,0.000000,0.000000,58885.000000,4,0,0,0.000000,0.000000,0.000000,23057.000000,0,0,0,0.000000,0.000000,0.000000,1749.000000,0,0,0,0.000000,0.000000,0.000000,27359.000000
477,604583.000000,645941.704403,0.000000,1,3,1,0,643256.000000,679575.000000,0.000000,73596.000000,0,0,0,0.000000,0.000000,0.000000,94886.000000,3,1,0,474774.000000,511093.000000,0.000000,90490.000000,9,1,0,391511.000000,420603.000000,0.000000,80299.000000,8,0,0,0.000000,0.000000,0.000000,112400.000000,0,0,0,0.000000,0.000000,0.000000,41533.000000,1,0,0,0.000000,0.000000,0.000000,44154.000000,4,0,0,0.000000,0.000000,0.000000,42339.000000,4,0,0,0.000000,0.000000,0.000000,15826.000000,6,0,0,0.000000,0.000000,0.000000,9060.000000
478,672184.000000,645996.604603,0.000000,1,9,1,0,650483.000000,679575.000000,0.000000,98656.000000,0,0,0,0.000000,0.000000,0.000000,68585.000000,10,1,0,461093.000000,512334.000000,0.000000,78625.000000,1,1,0,423614.000000,433709.000000,0.000000,95283.000000,0,0,0,0.000000,0.000000,0.000000,75843.000000,0,0,0,0.000000,0.000000,0.000000,84763.000000,4,0,0,0.000000,0.000000,0.000000,78417.000000,5,0,0,0.000000,0.000000,0.000000,31814.000000,0,0,0,0.000000,0.000000,0.000000,37965.000000,2,0,0,0.000000,0.000000,0.000000,22233.000000
479,605126.000000,645911.279749,0.000000,1,7,1,0,658990.000000,679575.000000,0.000000,85531.000000,0,0,0,0.000000,0.000000,0.000000,116867.000000,1,1,0,470169.000000,477177.000000,0.000000,90416.000000,1,1,0,377275.000000,384283.000000,0.000000,70331.000000,2,0,0,0.000000,0.000000,0.000000,58731.000000,0,0,0,0.000000,0.000000,0.000000,57770.000000,8,0,0,0.000000,0.000000,0.000000,72240.000000,6,0,0,0.000000,0.000000,0.000000,24479.000000,6,0,0,0.000000,0.000000,0.000000,9131.000000,10,0,0,0.000000,0.000000,0.000000,19630.000000
480,646214.000000,645911.910417,0.000000,1,3,1,0,643256.000000,679575.000000,0.000000,94236.000000,3,1,0,541934.000000,585339.000000,0.000000,68519.000000,4,1,0,495907.000000,516820.000000,0.000000,85438.000000,4,1,0,408381.000000,431382.000000,0.000000,54791.000000,0,0,0,0.000000,0.000000,0.000000,88125.000000,10,0,0,0.000000,0.000000,0.000000,72728.000000,6,0,0,0.000000,0.000000,0.000000,78508.000000,2,0,0,0.000000,0.000000,0.000000,42283.000000,2,0,0,0.000000,0.000000,0.000000,50013.000000,2,0,0,0.000000,0.000000,0.000000,11573.000000
481,673259.000000,645968.765073,0.000000,1,0,0,0,0.000000,0.000000,0.000000,74686.000000,0,0,0,0.000000,0.000000,0.000000,86031.000000,9,1,0,489766.000000,518858.000000,0.000000,99243.000000,1,1,0,412607.000000,419615.000000,0.000000,93394.000000,1,1,0,319213.000000,326221.000000,0.000000,71688.000000,0,0,0,0.000000,0.000000,0.000000,96289.000000,7,0,0,0.000000,0.000000,0.000000,66782.000000,6,0,0,0.000000,0.000000,0.000000,49582.000000,0,0,0,0.000000,0.000000,0.000000,32494.000000,4,0,0,0.000000,0.000000,0.000000,3070.000000
482,620891.000000,645916.736515,0.000000,1,6,1,0,656706.000000,679575.000000,0.000000,90417.000000,6,1,0,566289.000000,589158.000000,0.000000,45021.000000,2,1,0,485166.000000,544137.000000,0.000000,37916.000000,8,1,0,488891.000000,506221.000000,0.000000,69847.000000,3,1,0,400055.000000,428940.000000,0.000000,73408.000000,2,1,0,288316.000000,349910.000000,0.000000,37229.000000,4,1,0,272600.000000,296145.000000,0.000000,41975.000000,8,1,1,242667.000000,236536.000000,72866.000000,70099.000000,6,0,0,0.000000,0.000000,0.000000,61944.000000,4,0,0,0.000000,0.000000,0.000000,20169.000000
483,620517.000000,645864.149068,0.000000,1,1,1,0,672567.000000,679575.000000,0.000000,80438.000000,0,0,0,0.000000,0.000000,0.000000,62840.000000,10,1,0,485056.000000,536297.000000,0.000000,86768.000000,6,1,0,426660.000000,446880.000000,0.000000,78247.000000,0,0,0,0.000000,0.000000,0.000000,49725.000000,0,0,0,0.000000,0.000000,0.000000,51257.000000,10,0,0,0.000000,0.000000,0.000000,96851.000000,0,0,0,0.000000,0.000000,0.000000,46253.000000,0,0,0,0.000000,0.000000,0.000000,45215.000000,2,0,0,0.000000,0.000000,0.000000,22923.000000
484,615527.000000,645801.469008,0.000000,1,4,1,0,661662.000000,679575.000000,0.000000,50253.000000,3,1,0,593003.000000,629322.000000,0.000000,82616.000000,2,1,0,487735.000000,546706.000000,0.000000,57739.000000,10,1,0,433574.000000,486146.000000,0.000000,90802.000000,9,1,0,359703.000000,398165.000000,0.000000,114900.000000,10,0,0,0.000000,0.000000,0.000000,48373.000000,4,1,0,209171.000000,229250.000000,0.000000,56670.000000,9,0,0,0.000000,0.000000,0.000000,39192.000000,6,0,0,0.000000,0.000000,0.000000,53285.000000,3,0,0,0.000000,0.000000,0.000000,21697.000000
485,633976.000000,645777.086598,0.000000,1,3,1,0,643256.000000,679575.000000,0.000000,54242.000000,0,0,0,0.000000,0.000000,0.000000,99393.000000,6,1,0,495588.000000,525940.000000,0.000000,71659.000000,10,0,0,0.000000,0.000000,0.000000,79567.000000,0,0,0,0.000000,0.000000,0.000000,87609.000000,9,0,0,0.000000,0.000000,0.000000,65592.000000,0,0,0,0.000000,0.000000,0.000000,50953.000000,0,0,0,0.000000,0.000000,0.000000,55450.000000,9,0,0,0.000000,0.000000,0.000000,51663.000000,10,0,0,0.000000,0.000000,0.000000,17848.000000
486,675737.000000,645838.732510,0.000000,1,0,0,0,0.000000,0.000000,0.000000,128343.000000,10,1,0,499991.000000,551232.000000,0.000000,139735.000000,10,1,0,360256.000000,411497.000000,0.000000,64955.000000,10,0,0,0.000000,0.000000,0.000000,98464.000000,0,0,0,0.000000,0.000000,0.000000,57570.000000,10,0,0,0.000000,0.000000,0.000000,60036.000000,5,0,0,0.000000,0.000000,0.000000,79471.000000,9,0,0,0.000000,0.000000,0.000000,31938.000000,0,0,0,0.000000,0.000000,0.000000,13287.000000,10,0,0,0.000000,0.000000,0.000000,1938.000000
487,614209.000000,645773.784394,0.000000,1,7,1,0,658990.000000,679575.000000,0.000000,77293.000000,1,1,0,595274.000000,602282.000000,0.000000,63959.000000,8,1,0,520993.000000,538323.000000,0.000000,74599.000000,0,0,0,0.000000,0.000000,0.000000,91311.000000,3,0,0,0.000000,0.000000,0.000000,64449.000000,4,1,0,276491.000000,294404.000000,0.000000,101205.000000,6,0,0,0.000000,0.000000,0.000000,57205.000000,8,0,0,0.000000,0.000000,0.000000,41807.000000,1,0,0,0.000000,0.000000,0.000000,28953.000000,5,0,0,0.000000,0.000000,0.000000,13428.000000
488,645091.000000,645772.385246,0.000000,1,4,1,0,661662.000000,679575.000000,0.000000,116698.000000,0,0,0,0.000000,0.000000,0.000000,88765.000000,10,1,0,418393.000000,474112.000000,0.000000,144169.000000,1,1,0,322851.000000,329943.000000,0.000000,79893.000000,9,0,0,0.000000,0.000000,0.000000,77661.000000,8,0,0,0.000000,0.000000,0.000000,47893.000000,9,0,0,0.000000,0.000000,0.000000,27440.000000,7,0,0,0.000000,0.000000,0.000000,29633.000000,7,0,0,0.000000,0.000000,0.000000,19352.000000,0,0,0,0.000000,0.000000,0.000000,13587.000000
489,649365.000000,645779.732106,0.000000,1,10,1,0,628334.000000,679575.000000,0.000000,102840.000000,9,1,0,546888.000000,576735.000000,0.000000,132054.000000,6,1,0,413260.000000,444681.000000,0.000000,82012.000000,10,0,0,0.000000,0.000000,0.000000,68332.000000,6,0,0,0.000000,0.000000,0.000000,80347.000000,10,0,0,0.000000,0.000000,0.000000,34064.000000,0,0,0,0.000000,0.000000,0.000000,49204.000000,1,1,1,104145.000000,101007.000000,22138.000000,13365.000000,9,0,0,0.000000,0.000000,0.000000,20758.000000,4,0,0,0.000000,0.000000,0.000000,44251.000000
490,672679.000000,645834.628571,0.000000,1,9,1,0,650483.000000,679575.000000,0.000000,181264.000000,10,0,0,0.000000,0.000000,0.000000,138298.000000,10,0,0,0.000000,0.000000,0.000000,112015.000000,9,0,0,0.000000,0.000000,0.000000,56013.000000,0,0,0,0.000000,0.000000,0.000000,74816.000000,8,0,0,0.000000,0.000000,0.000000,28283.000000,9,0,0,0.000000,0.000000,0.000000,34942.000000,10,0,0,0.000000,0.000000,0.000000,29156.000000,8,0,0,0.000000,0.000000,0.000000,9945.000000,5,0,0,0.000000,0.000000,0.000000,7947.000000
491,646561.000000,645836.107943,0.000000,1,7,1,0,658990.000000,679575.000000,0.000000,90700.000000,9,1,0,559783.000000,588875.000000,0.000000,56658.000000,6,1,0,509348.000000,532217.000000,0.000000,140030.000000,10,0,0,0.000000,0.000000,0.000000,86229.000000,9,0,0,0.000000,0.000000,0.000000,89052.000000,2,0,0,0.000000,0.000000,0.000000,65388.000000,0,0,0,0.000000,0.000000,0.000000,56558.000000,5,0,0,0.000000,0.000000,0.000000,38730.000000,1,0,0,0.000000,0.000000,0.000000,18061.000000,0,0,0,0.000000,0.000000,0.000000,5155.000000
492,654969.000000,645854.670732,0.000000,1,0,0,0,0.000000,0.000000,0.000000,90654.000000,5,1,0,552652.000000,588921.000000,0.000000,87863.000000,8,1,0,483728.000000,501058.000000,0.000000,93638.000000,3,1,0,367558.000000,407420.000000,0.000000,105913.000000,1,0,0,0.000000,0.000000,0.000000,111715.000000,7,0,0,0.000000,0.000000,0.000000,29052.000000,6,0,0,0.000000,0.000000,0.000000,36332.000000,2,0,0,0.000000,0.000000,0.000000,58526.000000,1,0,0,0.000000,0.000000,0.000000,33088.000000,3,0,0,0.000000,0.000000,0.000000,8188.000000
493,652370.000000,645867.886410,0.000000,1,9,1,0,650483.000000,679575.000000,0.000000,146718.000000,5,1,0,496588.000000,532857.000000,0.000000,74370.000000,6,1,0,435618.000000,458487.000000,0.000000,60483.000000,2,0,0,0.000000,0.000000,0.000000,79581.000000,4,0,0,0.000000,0.000000,0.000000,118453.000000,5,0,0,0.000000,0.000000,0.000000,50917.000000,10,0,0,0.000000,0.000000,0.000000,60293.000000,0,0,0,0.000000,0.000000,0.000000,25545.000000,6,0,0,0.000000,0.000000,0.000000,23739.000000,0,0,0,0.000000,0.000000,0.000000,12271.000000
494,638440.000000,645852.850202,0.000000,1,0,0,0,0.000000,0.000000,0.000000,130624.000000,0,0,0,0.000000,0.000000,0.000000,84346.000000,3,1,0,428286.000000,464605.000000,0.000000,69496.000000,0,0,0,0.000000,0.000000,0.000000,61201.000000,2,0,0,0.000000,0.000000,0.000000,63972.000000,0,0,0,0.000000,0.000000,0.000000,85292.000000,2,0,0,0.000000,0.000000,0.000000,54872.000000,2,0,0,0.000000,0.000000,0.000000,31973.000000,6,0,0,0.000000,0.000000,0.000000,41006.000000,0,0,0,0.000000,0.000000,0.000000,15658.000000
495,658052.000000,645877.494949,0.000000,1,5,1,0,643306.000000,679575.000000,0.000000,147779.000000,6,1,0,508927.000000,531796.000000,0.000000,96508.000000,10,0,0,0.000000,0.000000,0.000000,86339.000000,0,0,0,0.000000,0.000000,0.000000,73889.000000,1,1,0,267104.000000,275060.000000,0.000000,101884.000000,9,0,0,0.000000,0.000000,0.000000,36459.000000,2,0,0,0.000000,0.000000,0.000000,44467.000000,6,0,0,0.000000,0.000000,0.000000,31500.000000,8,0,0,0.000000,0.000000,0.000000,13283.000000,6,0,0,0.000000,0.000000,0.000000,25944.000000
496,678581.000000,645943.429435,0.000000,1,7,1,0,658990.000000,679575.000000,0.000000,134190.000000,2,1,0,481278.000000,545385.000000,0.000000,59410.000000,0,0,0,0.000000,0.000000,0.000000,113127.000000,4,1,0,354935.000000,372848.000000,0.000000,170743.000000,7,0,0,0.000000,0.000000,0.000000,77996.000000,4,0,0,0.000000,0.000000,0.000000,75601.000000,6,0,0,0.000000,0.000000,0.000000,27957.000000,4,0,0,0.000000,0.000000,0.000000,10187.000000,0,0,0,0.000000,0.000000,0.000000,9370.000000,0,0,0,0.000000,0.000000,0.000000,0.000000
497,645523.000000,645942.583501,0.000000,1,0,0,0,0.000000,0.000000,0.000000,87211.000000,0,0,0,0.000000,0.000000,0.000000,125924.000000,2,0,0,0.000000,0.000000,0.000000,57667.000000,3,1,0,353262.000000,408773.000000,0.000000,43484.000000,10,0,0,0.000000,0.000000,0.000000,132511.000000,10,0,0,0.000000,0.000000,0.000000,95475.000000,3,0,0,0.000000,0.000000,0.000000,20028.000000,9,0,0,0.000000,0.000000,0.000000,29190.000000,7,0,0,0.000000,0.000000,0.000000,23914.000000,5,0,0,0.000000,0.000000,0.000000,30119.000000
498,638082.000000,645926.799197,0.000000,1,7,1,0,658990.000000,679575.000000,0.000000,94878.000000,7,1,0,563090.000000,584697.000000,0.000000,45513.000000,0,0,0,0.000000,0.000000,0.000000,85342.000000,4,1,0,435929.000000,453842.000000,0.000000,71629.000000,1,1,0,375205.000000,382213.000000,0.000000,70139.000000,5,0,0,0.000000,0.000000,0.000000,56050.000000,0,0,0,0.000000,0.000000,0.000000,85381.000000,10,0,0,0.000000,0.000000,0.000000,68216.000000,0,0,0,0.000000,0.000000,0.000000,34224.000000,3,0,0,0.000000,0.000000,0.000000,26710.000000
499,628348.000000,645891.571142,0.000000,1,0,0,0,0.000000,0.000000,0.000000,111163.000000,10,1,0,517171.000000,568412.000000,0.000000,105279.000000,3,0,0,0.000000,0.000000,0.000000,44125.000000,7,1,0,395357.000000,419008.000000,0.000000,57870.000000,0,0,0,0.000000,0.000000,0.000000,67022.000000,10,0,0,0.000000,0.000000,0.000000,84226.000000,1,0,0,0.000000,0.000000,0.000000,22030.000000,3,0,0,0.000000,0.000000,0.000000,78310.000000,2,0,0,0.000000,0.000000,0.000000,42104.000000,8,0,0,0.000000,0.000000,0.000000,16219.000000
500,636025.000000,645871.838000,0.000000,1,1,1,0,672567.000000,679575.000000,0.000000,67965.000000,3,1,0,575291.000000,611610.000000,0.000000,83746.000000,1,1,0,520856.000000,527864.000000,0.000000,77389.000000,8,1,0,433145.000000,450475.000000,0.000000,97219.000000,1,1,0,346248.000000,353256.000000,0.000000,75755.000000,2,0,0,0.000000,0.000000,0.000000,45927.000000,3,0,0,0.000000,0.000000,0.000000,41785.000000,3,0,0,0.000000,0.000000,0.000000,61491.000000,6,0,0,0.000000,0.000000,0.000000,67315.000000,1,0,0,0.000000,0.000000,0.000000,17433.000000
501,662883.000000,645905.792415,0.000000,1,0,0,0,0.000000,0.000000,0.000000,59245.000000,6,1,0,597461.000000,620330.000000,0.000000,109774.000000,0,0,0,0.000000,0.000000,0.000000,83691.000000,9,1,0,388144.000000,426865.000000,0.000000,158697.000000,9,0,0,0.000000,0.000000,0.000000,87721.000000,0,0,0,0.000000,0.000000,0.000000,41588.000000,0,0,0,0.000000,0.000000,0.000000,56805.000000,9,0,0,0.000000,0.000000,0.000000,40549.000000,0,0,0,0.000000,0.000000,0.000000,11394.000000,2,0,0,0.000000,0.000000,0.000000,13419.000000
502,629737.000000,645873.583665,0.000000,1,3,1,0,643256.000000,679575.000000,0.000000,74309.000000,7,1,0,584681.000000,605266.000000,0.000000,116389.000000,0,0,0,0.000000,0.000000,0.000000,158047.000000,3,0,0,0.000000,0.000000,0.000000,74439.000000,9,0,0,0.000000,0.000000,0.000000,103157.000000,5,0,0,0.000000,0.000000,0.000000,55331.000000,0,0,0,0.000000,0.000000,0.000000,13514.000000,3,0,0,0.000000,0.000000,0.000000,19503.000000,2,0,0,0.000000,0.000000,0.000000,13060.000000,5,0,0,0.000000,0.000000,0.000000,1988.000000
503,598854.000000,645780.105368,0.000000,1,1,1,0,672567.000000,679575.000000,0.000000,39718.000000,7,1,0,619272.000000,639857.000000,0.000000,115119.000000,0,0,0,0.000000,0.000000,0.000000,137834.000000,4,1,0,368991.000000,386904.000000,0.000000,60008.000000,0,0,0,0.000000,0.000000,0.000000,112052.000000,5,0,0,0.000000,0.000000,0.000000,33593.000000,10,0,0,0.000000,0.000000,0.000000,45055.000000,0,0,0,0.000000,0.000000,0.000000,14553.000000,0,0,0,0.000000,0.000000,0.000000,19573.000000,0,0,0,0.000000,0.000000,0.000000,21349.000000
504,652713.000000,645793.861111,0.000000,1,5,1,0,643306.000000,679575.000000,0.000000,96091.000000,1,1,0,576476.000000,583484.000000,0.000000,135525.000000,4,1,0,429046.000000,447959.000000,0.000000,114820.000000,5,0,0,0.000000,0.000000,0.000000,88123.000000,0,0,0,0.000000,0.000000,0.000000,100165.000000,0,0,0,0.000000,0.000000,0.000000,23551.000000,9,0,0,0.000000,0.000000,0.000000,46147.000000,0,0,0,0.000000,0.000000,0.000000,9850.000000,9,0,0,0.000000,0.000000,0.000000,34025.000000,6,0,0,0.000000,0.000000,0.000000,4416.000000
505,645082.000000,645792.451485,0.000000,1,0,0,0,0.000000,0.000000,0.000000,85668.000000,0,0,0,0.000000,0.000000,0.000000,102360.000000,3,1,0,455228.000000,491547.000000,0.000000,92672.000000,1,1,0,391867.000000,398875.000000,0.000000,90780.000000,1,1,0,301087.000000,308095.000000,0.000000,88430.000000,0,0,0,0.000000,0.000000,0.000000,34071.000000,6,0,0,0.000000,0.000000,0.000000,31069.000000,0,0,0,0.000000,0.000000,0.000000,42208.000000,1,1,1,94301.000000,76983.000000,19218.000000,19988.000000,1,0,0,0.000000,0.000000,0.000000,38618.000000
506,644664.000000,645790.221344,0.000000,1,6,1,0,656706.000000,679575.000000,0.000000,129848.000000,3,1,0,513408.000000,549727.000000,0.000000,124821.000000,10,1,0,373665.000000,424906.000000,0.000000,100886.000000,6,0,0,0.000000,0.000000,0.000000,95576.000000,10,0,0,0.000000,0.000000,0.000000,53446.000000,1,0,0,0.000000,0.000000,0.000000,58413.000000,0,0,0,0.000000,0.000000,0.000000,38137.000000,10,0,0,0.000000,0.000000,0.000000,9208.000000,8,0,0,0.000000,0.000000,0.000000,24075.000000,6,0,0,0.000000,0.000000,0.000000,10254.000000
507,637158.000000,645773.195266,0.000000,1,9,1,0,650483.000000,679575.000000,0.000000,136379.000000,0,0,0,0.000000,0.000000,0.000000,86121.000000,10,0,0,0.000000,0.000000,0.000000,94899.000000,2,0,0,0.000000,0.000000,0.000000,82433.000000,4,0,0,0.000000,0.000000,0.000000,102858.000000,9,0,0,0.000000,0.000000,0.000000,59515.000000,7,0,0,0.000000,0.000000,0.000000,45000.000000,0,0,0,0.000000,0.000000,0.000000,0.000000,3,0,0,0.000000,0.000000,0.000000,16063.000000,9,0,0,0.000000,0.000000,0.000000,13890.000000
508,589224.000000,645661.877953,0.000000,1,1,1,0,672567.000000,679575.000000,0.000000,118922.000000,4,1,0,542740.000000,560653.000000,0.000000,49025.000000,5,1,0,469834.000000,511628.000000,0.000000,79647.000000,9,1,0,395219.000000,431981.000000,0.000000,46593.000000,0,0,0,0.000000,0.000000,0.000000,51334.000000,9,0,0,0.000000,0.000000,0.000000,112879.000000,0,0,0,0.000000,0.000000,0.000000,49863.000000,9,0,0,0.000000,0.000000,0.000000,11588.000000,9,0,0,0.000000,0.000000,0.000000,36709.000000,6,0,0,0.000000,0.000000,0.000000,32664.000000
509,601435.000000,645574.988212,0.000000,1,3,1,0,643256.000000,679575.000000,0.000000,95811.000000,2,1,0,524793.000000,583764.000000,0.000000,34615.000000,10,1,0,497908.000000,549149.000000,0.000000,78850.000000,7,1,0,448692.000000,467821.000000,0.000000,69686.000000,3,0,0,0.000000,0.000000,0.000000,104179.000000,10,0,0,0.000000,0.000000,0.000000,70796.000000,9,0,0,0.000000,0.000000,0.000000,37153.000000,10,0,0,0.000000,0.000000,0.000000,30047.000000,5,0,0,0.000000,0.000000,0.000000,47143.000000,1,0,0,0.000000,0.000000,0.000000,33155.000000
510,671112.000000,645625.060784,0.000000,1,7,1,0,658990.000000,679575.000000,0.000000,70653.000000,6,1,0,586053.000000,608922.000000,0.000000,107525.000000,1,1,0,494389.000000,501397.000000,0.000000,142642.000000,6,1,0,329967.000000,358755.000000,0.000000,67883.000000,8,0,0,0.000000,0.000000,0.000000,41724.000000,6,0,0,0.000000,0.000000,0.000000,137959.000000,8,0,0,0.000000,0.000000,0.000000,60072.000000,6,0,0,0.000000,0.000000,0.000000,20536.000000,5,0,0,0.000000,0.000000,0.000000,16341.000000,0,0,0,0.000000,0.000000,0.000000,5777.000000
511,624503.000000,645583.726027,0.000000,1,4,1,0,661662.000000,679575.000000,0.000000,126544.000000,0,0,0,0.000000,0.000000,0.000000,93347.000000,0,0,0,0.000000,0.000000,0.000000,78655.000000,1,1,0,373993.000000,381029.000000,0.000000,99500.000000,7,0,0,0.000000,0.000000,0.000000,58202.000000,0,0,0,0.000000,0.000000,0.000000,36092.000000,1,1,0,180143.000000,187235.000000,0.000000,41706.000000,3,0,0,0.000000,0.000000,0.000000,40163.000000,1,1,0,89454.000000,91576.000000,0.000000,28427.000000,4,0,0,0.000000,0.000000,0.000000,21867.000000
512,631492.000000,645556.203125,0.000000,1,1,1,0,672567.000000,679575.000000,0.000000,94076.000000,9,1,0,556407.000000,585499.000000,0.000000,128015.000000,4,1,0,439571.000000,457484.000000,0.000000,86209.000000,4,1,0,353362.000000,371275.000000,0.000000,88929.000000,10,0,0,0.000000,0.000000,0.000000,45828.000000,6,0,0,0.000000,0.000000,0.000000,37910.000000,0,0,0,0.000000,0.000000,0.000000,78026.000000,0,0,0,0.000000,0.000000,0.000000,23443.000000,0,0,0,0.000000,0.000000,0.000000,39529.000000,0,0,0,0.000000,0.000000,0.000000,9527.000000
513,596879.000000,645461.315789,0.000000,1,0,0,0,0.000000,0.000000,0.000000,68642.000000,0,0,0,0.000000,0.000000,0.000000,70982.000000,0,0,0,0.000000,0.000000,0.000000,67758.000000,0,0,0,0.000000,0.000000,0.000000,44854.000000,5,1,0,379315.000000,424445.000000,0.000000,77031.000000,2,0,0,0.000000,0.000000,0.000000,70514.000000,3,0,0,0.000000,0.000000,0.000000,66493.000000,5,0,0,0.000000,0.000000,0.000000,62670.000000,9,0,0,0.000000,0.000000,0.000000,36623.000000,6,0,0,0.000000,0.000000,0.000000,31312.000000
514,651532.000000,645473.126459,0.000000,1,5,1,0,643306.000000,679575.000000,0.000000,72541.000000,7,1,0,586449.000000,607034.000000,0.000000,64959.000000,10,1,0,490834.000000,542075.000000,0.000000,134212.000000,6,1,0,384994.000000,407863.000000,0.000000,78160.000000,2,0,0,0.000000,0.000000,0.000000,53852.000000,10,0,0,0.000000,0.000000,0.000000,89323.000000,8,0,0,0.000000,0.000000,0.000000,60682.000000,7,0,0,0.000000,0.000000,0.000000,53192.000000,5,0,0,0.000000,0.000000,0.000000,17393.000000,10,0,0,0.000000,0.000000,0.000000,27218.000000
515,665183.000000,645511.398058,0.000000,1,0,0,0,0.000000,0.000000,0.000000,133909.000000,10,1,0,487159.000000,545666.000000,0.000000,205105.000000,2,0,0,0.000000,0.000000,0.000000,60805.000000,0,0,0,0.000000,0.000000,0.000000,59546.000000,10,0,0,0.000000,0.000000,0.000000,68956.000000,0,0,0,0.000000,0.000000,0.000000,40541.000000,2,0,0,0.000000,0.000000,0.000000,48586.000000,0,0,0,0.000000,0.000000,0.000000,19515.000000,5,0,0,0.000000,0.000000,0.000000,11256.000000,9,0,0,0.000000,0.000000,0.000000,16964.000000
516,675739.000000,645569.978682,0.000000,1,2,1,0,620604.000000,679575.000000,0.000000,88054.000000,7,1,0,570936.000000,591521.000000,0.000000,74047.000000,7,1,0,496889.000000,517474.000000,0.000000,81728.000000,2,1,0,375491.000000,435746.000000,0.000000,177778.000000,10,0,0,0.000000,0.000000,0.000000,66989.000000,5,0,0,0.000000,0.000000,0.000000,81323.000000,5,0,0,0.000000,0.000000,0.000000,34798.000000,4,0,0,0.000000,0.000000,0.000000,42588.000000,3,0,0,0.000000,0.000000,0.000000,24618.000000,8,0,0,0.000000,0.000000,0.000000,3816.000000
517,641332.000000,645561.781431,0.000000,1,5,1,0,643306.000000,679575.000000,0.000000,84068.000000,0,0,0,0.000000,0.000000,0.000000,68732.000000,7,1,0,506190.000000,526775.000000,0.000000,102232.000000,5,1,0,388274.000000,424543.000000,0.000000,97646.000000,10,0,0,0.000000,0.000000,0.000000,96963.000000,0,0,0,0.000000,0.000000,0.000000,81935.000000,3,0,0,0.000000,0.000000,0.000000,30368.000000,9,0,0,0.000000,0.000000,0.000000,36904.000000,6,0,0,0.000000,0.000000,0.000000,28549.000000,1,0,0,0.000000,0.000000,0.000000,13935.000000
518,661184.000000,645591.940154,0.000000,1,0,0,0,0.000000,0.000000,0.000000,93201.000000,10,1,0,535133.000000,586374.000000,0.000000,111246.000000,4,1,0,456715.000000,475128.000000,0.000000,102597.000000,9,1,0,338909.000000,372531.000000,0.000000,68864.000000,10,0,0,0.000000,0.000000,0.000000,99901.000000,2,0,0,0.000000,0.000000,0.000000,41218.000000,10,0,0,0.000000,0.000000,0.000000,30683.000000,9,0,0,0.000000,0.000000,0.000000,51372.000000,8,0,0,0.000000,0.000000,0.000000,24515.000000,7,0,0,0.000000,0.000000,0.000000,37587.000000
519,617789.000000,645538.369942,0.000000,1,5,1,0,643306.000000,679575.000000,0.000000,115804.000000,8,1,0,546441.000000,563771.000000,0.000000,68822.000000,3,1,0,458630.000000,494949.000000,0.000000,60069.000000,6,1,0,412011.000000,432231.000000,0.000000,110900.000000,9,0,0,0.000000,0.000000,0.000000,50401.000000,0,0,0,0.000000,0.000000,0.000000,60197.000000,4,0,0,0.000000,0.000000,0.000000,47523.000000,4,0,0,0.000000,0.000000,0.000000,40516.000000,9,0,0,0.000000,0.000000,0.000000,18683.000000,6,0,0,0.000000,0.000000,0.000000,44874.000000
520,663295.000000,645572.517308,0.000000,1,5,1,0,643306.000000,679575.000000,0.000000,92930.000000,2,1,0,527674.000000,586645.000000,0.000000,98217.000000,0,0,0,0.000000,0.000000,0.000000,129481.000000,3,0,0,0.000000,0.000000,0.000000,101803.000000,3,0,0,0.000000,0.000000,0.000000,73561.000000,0,0,0,0.000000,0.000000,0.000000,50855.000000,0,0,0,0.000000,0.000000,0.000000,28477.000000,7,0,0,0.000000,0.000000,0.000000,33571.000000,1,1,0,52428.000000,55460.000000,0.000000,49152.000000,0,0,0,0.000000,0.000000,0.000000,5248.000000
521,619189.000000,645521.877159,0.000000,1,0,0,0,0.000000,0.000000,0.000000,85215.000000,1,1,0,587352.000000,594360.000000,0.000000,47675.000000,6,1,0,523816.000000,546685.000000,0.000000,60908.000000,7,1,0,465192.000000,485777.000000,0.000000,51858.000000,7,1,0,408735.000000,433919.000000,0.000000,65401.000000,0,0,0,0.000000,0.000000,0.000000,51198.000000,0,0,0,0.000000,0.000000,0.000000,105661.000000,4,0,0,0.000000,0.000000,0.000000,62358.000000,0,0,0,0.000000,0.000000,0.000000,48100.000000,0,0,0,0.000000,0.000000,0.000000,40815.000000
522,663599.000000,645556.507663,0.000000,1,5,1,0,643306.000000,679575.000000,0.000000,107185.000000,0,0,0,0.000000,0.000000,0.000000,71416.000000,10,1,0,449733.000000,500974.000000,0.000000,78631.000000,7,1,0,394487.000000,422343.000000,0.000000,73372.000000,6,0,0,0.000000,0.000000,0.000000,156577.000000,0,0,0,0.000000,0.000000,0.000000,58806.000000,10,0,0,0.000000,0.000000,0.000000,28165.000000,2,0,0,0.000000,0.000000,0.000000,13192.000000,10,0,0,0.000000,0.000000,0.000000,40243.000000,7,0,0,0.000000,0.000000,0.000000,36012.000000
523,667032.000000,645597.569790,0.000000,1,2,1,0,620604.000000,679575.000000,0.000000,111215.000000,0,0,0,0.000000,0.000000,0.000000,98302.000000,0,0,0,0.000000,0.000000,0.000000,73979.000000,4,0,0,0.000000,0.000000,0.000000,90946.000000,4,0,0,0.000000,0.000000,0.000000,109979.000000,5,0,0,0.000000,0.000000,0.000000,36734.000000,0,0,0,0.000000,0.000000,0.000000,53020.000000,9,0,0,0.000000,0.000000,0.000000,35668.000000,3,0,0,0.000000,0.000000,0.000000,43318.000000,7,0,0,0.000000,0.000000,0.000000,13871.000000
524,659556.000000,645624.208015,0.000000,1,0,0,0,0.000000,0.000000,0.000000,81542.000000,4,1,0,580120.000000,598033.000000,0.000000,146055.000000,8,1,0,433108.000000,451978.000000,0.000000,78281.000000,5,1,0,328588.000000,373697.000000,0.000000,101091.000000,0,0,0,0.000000,0.000000,0.000000,52641.000000,2,0,0,0.000000,0.000000,0.000000,55546.000000,7,0,0,0.000000,0.000000,0.000000,85132.000000,2,0,0,0.000000,0.000000,0.000000,18792.000000,5,0,0,0.000000,0.000000,0.000000,20784.000000,0,0,0,0.000000,0.000000,0.000000,19692.000000
525,642500.000000,645618.257143,0.000000,1,4,1,0,661662.000000,679575.000000,0.000000,48931.000000,8,1,0,613314.000000,630644.000000,0.000000,104473.000000,4,1,0,508258.000000,526171.000000,0.000000,81403.000000,7,1,0,423161.000000,444768.000000,0.000000,76889.000000,0,0,0,0.000000,0.000000,0.000000,52679.000000,9,1,0,276572.000000,307766.000000,0.000000,69527.000000,0,0,0,0.000000,0.000000,0.000000,100054.000000,0,0,0,0.000000,0.000000,0.000000,29964.000000,10,0,0,0.000000,0.000000,0.000000,38373.000000,5,0,0,0.000000,0.000000,0.000000,40207.000000
526,628293.000000,645585.319392,0.000000,1,7,1,0,658990.000000,679575.000000,0.000000,103662.000000,5,1,0,539644.000000,575913.000000,0.000000,48182.000000,0,0,0,0.000000,0.000000,0.000000,123635.000000,1,1,0,397088.000000,404096.000000,0.000000,121398.000000,8,0,0,0.000000,0.000000,0.000000,108119.000000,4,0,0,0.000000,0.000000,0.000000,46725.000000,0,0,0,0.000000,0.000000,0.000000,24152.000000,5,0,0,0.000000,0.000000,0.000000,12107.000000,0,0,0,0.000000,0.000000,0.000000,34092.000000,0,0,0,0.000000,0.000000,0.000000,6221.000000
527,638562.000000,645571.992410,0.000000,1,7,1,0,658990.000000,679575.000000,0.000000,63778.000000,10,1,0,564556.000000,615797.000000,0.000000,61083.000000,4,1,0,536801.000000,554714.000000,0.000000,82560.000000,7,1,0,449014.000000,472154.000000,0.000000,65232.000000,6,1,0,375614.000000,401596.000000,0.000000,113397.000000,3,0,0,0.000000,0.000000,0.000000,83408.000000,7,0,0,0.000000,0.000000,0.000000,76566.000000,3,0,0,0.000000,0.000000,0.000000,23301.000000,0,0,0,0.000000,0.000000,0.000000,52048.000000,0,0,0,0.000000,0.000000,0.000000,17189.000000
528,662855.000000,645604.725379,0.000000,1,0,0,0,0.000000,0.000000,0.000000,136614.000000,3,1,0,506642.000000,542961.000000,0.000000,89175.000000,0,0,0,0.000000,0.000000,0.000000,83842.000000,10,0,0,0.000000,0.000000,0.000000,102224.000000,5,0,0,0.000000,0.000000,0.000000,98286.000000,8,0,0,0.000000,0.000000,0.000000,42567.000000,8,0,0,0.000000,0.000000,0.000000,59398.000000,0,0,0,0.000000,0.000000,0.000000,20949.000000,6,0,0,0.000000,0.000000,0.000000,4645.000000,0,0,0,0.000000,0.000000,0.000000,25155.000000
529,621313.000000,645558.805293,0.000000,1,8,1,0,662245.000000,679575.000000,0.000000,123625.000000,0,0,0,0.000000,0.000000,0.000000,72359.000000,10,1,0,432350.000000,483591.000000,0.000000,113488.000000,9,0,0,0.000000,0.000000,0.000000,100426.000000,0,0,0,0.000000,0.000000,0.000000,46559.000000,6,0,0,0.000000,0.000000,0.000000,47774.000000,1,0,0,0.000000,0.000000,0.000000,43552.000000,1,0,0,0.000000,0.000000,0.000000,30062.000000,3,0,0,0.000000,0.000000,0.000000,25822.000000,4,0,0,0.000000,0.000000,0.000000,17646.000000
530,641706.000000,645551.535849,0.000000,1,8,1,0,662245.000000,679575.000000,0.000000,80168.000000,2,1,0,540436.000000,599407.000000,0.000000,63197.000000,3,1,0,499891.000000,536210.000000,0.000000,107944.000000,1,1,0,421258.000000,428266.000000,0.000000,81796.000000,0,0,0,0.000000,0.000000,0.000000,50642.000000,2,0,0,0.000000,0.000000,0.000000,57274.000000,2,0,0,0.000000,0.000000,0.000000,103036.000000,1,0,0,0.000000,0.000000,0.000000,45265.000000,3,0,0,0.000000,0.000000,0.000000,33332.000000,7,0,0,0.000000,0.000000,0.000000,19052.000000
531,649450.000000,645558.877589,0.000000,1,4,1,0,661662.000000,679575.000000,0.000000,94134.000000,2,1,0,526470.000000,585441.000000,0.000000,108535.000000,2,1,0,417935.000000,476906.000000,0.000000,70532.000000,9,1,0,377282.000000,406374.000000,0.000000,111850.000000,3,0,0,0.000000,0.000000,0.000000,87309.000000,9,0,0,0.000000,0.000000,0.000000,57005.000000,0,0,0,0.000000,0.000000,0.000000,36622.000000,4,0,0,0.000000,0.000000,0.000000,33140.000000,2,0,0,0.000000,0.000000,0.000000,16993.000000,3,0,0,0.000000,0.000000,0.000000,33330.000000
532,663935.000000,645593.419173,0.000000,1,7,1,0,658990.000000,679575.000000,0.000000,125364.000000,8,1,0,536881.000000,554211.000000,0.000000,88418.000000,4,1,0,447880.000000,465793.000000,0.000000,74232.000000,1,1,0,384553.000000,391561.000000,0.000000,99900.000000,0,0,0,0.000000,0.000000,0.000000,105104.000000,2,0,0,0.000000,0.000000,0.000000,76436.000000,0,0,0,0.000000,0.000000,0.000000,52166.000000,8,0,0,0.000000,0.000000,0.000000,35181.000000,1,0,0,0.000000,0.000000,0.000000,2076.000000,1,0,0,0.000000,0.000000,0.000000,5058.000000
533,624089.000000,645553.073171,0.000000,1,2,1,0,620604.000000,679575.000000,0.000000,101149.000000,5,1,0,542157.000000,578426.000000,0.000000,90973.000000,0,0,0,0.000000,0.000000,0.000000,59498.000000,6,1,0,402746.000000,427955.000000,0.000000,82560.000000,10,0,0,0.000000,0.000000,0.000000,58055.000000,3,0,0,0.000000,0.000000,0.000000,61316.000000,2,0,0,0.000000,0.000000,0.000000,44593.000000,9,0,0,0.000000,0.000000,0.000000,46716.000000,7,0,0,0.000000,0.000000,0.000000,61861.000000,1,0,0,0.000000,0.000000,0.000000,17368.000000
534,660651.000000,645581.346442,0.000000,1,0,0,0,0.000000,0.000000,0.000000,94624.000000,5,1,0,548682.000000,584951.000000,0.000000,121742.000000,7,1,0,442624.000000,463209.000000,0.000000,119710.000000,0,0,0,0.000000,0.000000,0.000000,76668.000000,10,0,0,0.000000,0.000000,0.000000,70676.000000,4,0,0,0.000000,0.000000,0.000000,83923.000000,1,0,0,0.000000,0.000000,0.000000,48753.000000,6,0,0,0.000000,0.000000,0.000000,17190.000000,2,0,0,0.000000,0.000000,0.000000,16192.000000,6,0,0,0.000000,0.000000,0.000000,11173.000000
535,679575.000000,645644.885981,0.000000,1,4,1,0,661662.000000,679575.000000,0.000000,96552.000000,3,1,0,546704.000000,583023.000000,0.000000,83529.000000,6,1,0,476625.000000,499494.000000,0.000000,115874.000000,7,1,0,363035.000000,383620.000000,0.000000,105198.000000,10,0,0,0.000000,0.000000,0.000000,64611.000000,0,0,0,0.000000,0.000000,0.000000,64134.000000,0,0,0,0.000000,0.000000,0.000000,89607.000000,9,0,0,0.000000,0.000000,0.000000,37414.000000,8,0,0,0.000000,0.000000,0.000000,11218.000000,9,0,0,0.000000,0.000000,0.000000,11438.000000
536,649242.000000,645651.597015,0.000000,1,6,1,0,656706.000000,679575.000000,0.000000,133362.000000,0,0,0,0.000000,0.000000,0.000000,127275.000000,6,0,0,0.000000,0.000000,0.000000,91421.000000,8,0,0,0.000000,0.000000,0.000000,83596.000000,2,0,0,0.000000,0.000000,0.000000,62787.000000,0,0,0,0.000000,0.000000,0.000000,28192.000000,4,0,0,0.000000,0.000000,0.000000,38569.000000,5,0,0,0.000000,0.000000,0.000000,37942.000000,7,0,0,0.000000,0.000000,0.000000,25640.000000,8,0,0,0.000000,0.000000,0.000000,20458.000000
537,668404.000000,645693.966480,0.000000,1,5,1,0,643306.000000,679575.000000,0.000000,125874.000000,3,1,0,517382.000000,553701.000000,0.000000,62931.000000,0,0,0,0.000000,0.000000,0.000000,93662.000000,10,0,0,0.000000,0.000000,0.000000,170146.000000,9,0,0,0.000000,0.000000,0.000000,111014.000000,10,0,0,0.000000,0.000000,0.000000,56274.000000,3,0,0,0.000000,0.000000,0.000000,17407.000000,8,0,0,0.000000,0.000000,0.000000,18832.000000,6,0,0,0.000000,0.000000,0.000000,7308.000000,2,0,0,0.000000,0.000000,0.000000,4956.000000
538,648357.000000,645698.916357,0.000000,1,4,1,0,661662.000000,679575.000000,0.000000,195461.000000,10,1,0,432873.000000,484114.000000,0.000000,120530.000000,4,1,0,345671.000000,363584.000000,0.000000,87850.000000,3,0,0,0.000000,0.000000,0.000000,46891.000000,10,0,0,0.000000,0.000000,0.000000,67383.000000,0,0,0,0.000000,0.000000,0.000000,56864.000000,9,0,0,0.000000,0.000000,0.000000,24513.000000,9,0,0,0.000000,0.000000,0.000000,10116.000000,5,0,0,0.000000,0.000000,0.000000,19408.000000,0,0,0,0.000000,0.000000,0.000000,19341.000000
539,638683.000000,645685.899814,0.000000,1,6,1,0,656706.000000,679575.000000,0.000000,103951.000000,10,1,0,524383.000000,575624.000000,0.000000,144026.000000,7,1,0,411013.000000,431598.000000,0.000000,118594.000000,0,0,0,0.000000,0.000000,0.000000,113396.000000,5,0,0,0.000000,0.000000,0.000000,65490.000000,1,0,0,0.000000,0.000000,0.000000,20257.000000,6,0,0,0.000000,0.000000,0.000000,11292.000000,8,0,0,0.000000,0.000000,0.000000,17274.000000,4,0,0,0.000000,0.000000,0.000000,27943.000000,8,0,0,0.000000,0.000000,0.000000,16460.000000
540,593385.000000,645589.046296,0.000000,1,2,1,0,620604.000000,679575.000000,0.000000,57360.000000,10,1,0,570974.000000,622215.000000,0.000000,120644.000000,10,1,0,447453.000000,501571.000000,0.000000,94771.000000,1,0,0,0.000000,0.000000,0.000000,89284.000000,7,0,0,0.000000,0.000000,0.000000,66340.000000,6,0,0,0.000000,0.000000,0.000000,41391.000000,0,0,0,0.000000,0.000000,0.000000,40508.000000,5,0,0,0.000000,0.000000,0.000000,25070.000000,1,0,0,0.000000,0.000000,0.000000,18873.000000,6,0,0,0.000000,0.000000,0.000000,39144.000000
541,631575.000000,645563.142329,0.000000,1,3,1,0,643256.000000,679575.000000,0.000000,95707.000000,9,1,0,554776.000000,583868.000000,0.000000,104723.000000,8,1,0,461815.000000,479145.000000,0.000000,142634.000000,0,0,0,0.000000,0.000000,0.000000,88647.000000,6,0,0,0.000000,0.000000,0.000000,63772.000000,5,0,0,0.000000,0.000000,0.000000,61844.000000,8,0,0,0.000000,0.000000,0.000000,49393.000000,0,0,0,0.000000,0.000000,0.000000,4731.000000,4,0,0,0.000000,0.000000,0.000000,13698.000000,6,0,0,0.000000,0.000000,0.000000,6426.000000
542,674303.000000,645616.167897,0.000000,1,5,1,0,643306.000000,679575.000000,0.000000,120525.000000,10,1,0,507809.000000,559050.000000,0.000000,91666.000000,0,0,0,0.000000,0.000000,0.000000,72344.000000,8,1,0,376170.000000,395040.000000,0.000000,74589.000000,0,0,0,0.000000,0.000000,0.000000,114087.000000,8,0,0,0.000000,0.000000,0.000000,53182.000000,0,0,0,0.000000,0.000000,0.000000,71195.000000,0,0,0,0.000000,0.000000,0.000000,31559.000000,10,0,0,0.000000,0.000000,0.000000,18292.000000,8,0,0,0.000000,0.000000,0.000000,26864.000000
543,623289.000000,645575.049724,0.000000,1,9,1,0,650483.000000,679575.000000,0.000000,82242.000000,5,1,0,561064.000000,597333.000000,0.000000,125865.000000,0,0,0,0.000000,0.000000,0.000000,72099.000000,4,1,0,381456.000000,399369.000000,0.000000,34080.000000,4,1,0,347376.000000,365289.000000,0.000000,82170.000000,9,0,0,0.000000,0.000000,0.000000,124505.000000,8,0,0,0.000000,0.000000,0.000000,43872.000000,0,0,0,0.000000,0.000000,0.000000,49025.000000,6,0,0,0.000000,0.000000,0.000000,0.000000,0,0,0,0.000000,0.000000,0.000000,9431.000000
544,637664.000000,645560.507353,0.000000,1,0,0,0,0.000000,0.000000,0.000000,87928.000000,8,1,0,574317.000000,591647.000000,0.000000,47700.000000,9,1,0,514855.000000,543947.000000,0.000000,77173.000000,3,1,0,429274.000000,466774.000000,0.000000,98812.000000,6,0,0,0.000000,0.000000,0.000000,136114.000000,6,0,0,0.000000,0.000000,0.000000,52063.000000,9,0,0,0.000000,0.000000,0.000000,44258.000000,2,0,0,0.000000,0.000000,0.000000,56576.000000,8,0,0,0.000000,0.000000,0.000000,20389.000000,7,0,0,0.000000,0.000000,0.000000,16651.000000
545,634387.000000,645540.005505,0.000000,1,1,1,0,672567.000000,679575.000000,0.000000,95163.000000,1,1,0,577404.000000,584412.000000,0.000000,85851.000000,2,0,0,0.000000,0.000000,0.000000,61447.000000,6,1,0,413075.000000,437114.000000,0.000000,72212.000000,9,0,0,0.000000,0.000000,0.000000,113448.000000,6,0,0,0.000000,0.000000,0.000000,49154.000000,7,0,0,0.000000,0.000000,0.000000,55489.000000,7,0,0,0.000000,0.000000,0.000000,39922.000000,5,0,0,0.000000,0.000000,0.000000,38895.000000,0,0,0,0.000000,0.000000,0.000000,22806.000000
546,618292.000000,645490.100733,0.000000,1,2,1,0,620604.000000,679575.000000,0.000000,112509.000000,6,1,0,544197.000000,567066.000000,0.000000,64214.000000,6,1,0,479983.000000,502852.000000,0.000000,79338.000000,0,0,0,0.000000,0.000000,0.000000,61105.000000,8,1,0,344309.000000,362409.000000,0.000000,60764.000000,2,0,0,0.000000,0.000000,0.000000,63161.000000,3,0,0,0.000000,0.000000,0.000000,62906.000000,8,0,0,0.000000,0.000000,0.000000,24251.000000,6,0,0,0.000000,0.000000,0.000000,73730.000000,3,0,0,0.000000,0.000000,0.000000,16314.000000
547,676821.000000,645547.378428,0.000000,1,10,1,0,628334.000000,679575.000000,0.000000,109481.000000,1,1,0,563086.000000,570094.000000,0.000000,78290.000000,8,1,0,474474.000000,491804.000000,0.000000,121976.000000,4,1,0,350915.000000,369828.000000,0.000000,99005.000000,8,1,0,248103.000000,270823.000000,0.000000,58582.000000,1,1,0,201858.000000,212241.000000,0.000000,40024.000000,0,0,0,0.000000,0.000000,0.000000,97570.000000,6,0,0,0.000000,0.000000,0.000000,49292.000000,4,0,0,0.000000,0.000000,0.000000,16385.000000,0,0,0,0.000000,0.000000,0.000000,6216.000000
548,648524.000000,645552.810219,0.000000,1,1,1,0,672567.000000,679575.000000,0.000000,58285.000000,5,1,0,585021.000000,621290.000000,0.000000,103368.000000,7,1,0,497337.000000,517922.000000,0.000000,73138.000000,8,0,0,0.000000,0.000000,0.000000,108400.000000,0,0,0,0.000000,0.000000,0.000000,84465.000000,6,0,0,0.000000,0.000000,0.000000,65299.000000,2,0,0,0.000000,0.000000,0.000000,58741.000000,3,0,0,0.000000,0.000000,0.000000,33424.000000,2,0,0,0.000000,0.000000,0.000000,29748.000000,7,0,0,0.000000,0.000000,0.000000,33656.000000
549,647905.000000,645557.094718,0.000000,1,9,1,0,650483.000000,679575.000000,0.000000,87502.000000,8,1,0,574743.000000,592073.000000,0.000000,130501.000000,0,0,0,0.000000,0.000000,0.000000,71879.000000,2,0,0,0.000000,0.000000,0.000000,103594.000000,2,0,0,0.000000,0.000000,0.000000,64370.000000,5,0,0,0.000000,0.000000,0.000000,60759.000000,1,0,0,0.000000,0.000000,0.000000,36748.000000,1,0,0,0.000000,0.000000,0.000000,17232.000000,2,0,0,0.000000,0.000000,0.000000,64569.000000,5,0,0,0.000000,0.000000,0.000000,10751.000000
550,633847.000000,645535.803636,0.000000,1,7,1,0,658990.000000,679575.000000,0.000000,84567.000000,2,1,0,536037.000000,595008.000000,0.000000,58267.000000,0,0,0,0.000000,0.000000,0.000000,120311.000000,1,1,0,409422.000000,416430.000000,0.000000,107306.000000,4,1,0,291211.000000,309124.000000,0.000000,79871.000000,6,0,0,0.000000,0.000000,0.000000,50969.000000,0,0,0,0.000000,0.000000,0.000000,42812.000000,3,0,0,0.000000,0.000000,0.000000,34039.000000,7,0,0,0.000000,0.000000,0.000000,40446.000000,2,0,0,0.000000,0.000000,0.000000,15259.000000
551,607294.000000,645466.399274,0.000000,1,5,1,0,643306.000000,679575.000000,0.000000,102945.000000,6,1,0,553761.000000,576630.000000,0.000000,43874.000000,0,0,0,0.000000,0.000000,0.000000,98330.000000,6,1,0,411557.000000,434426.000000,0.000000,63920.000000,9,1,0,336057.000000,370506.000000,0.000000,39754.000000,1,1,0,304208.000000,313123.000000,0.000000,109429.000000,2,0,0,0.000000,0.000000,0.000000,48660.000000,10,0,0,0.000000,0.000000,0.000000,60485.000000,7,0,0,0.000000,0.000000,0.000000,23029.000000,3,0,0,0.000000,0.000000,0.000000,16868.000000
552,647433.000000,645469.961957,0.000000,1,10,1,0,628334.000000,679575.000000,0.000000,98845.000000,7,1,0,560145.000000,580730.000000,0.000000,109650.000000,1,1,0,462014.000000,471080.000000,0.000000,51507.000000,2,1,0,343639.000000,419573.000000,0.000000,106643.000000,5,0,0,0.000000,0.000000,0.000000,67108.000000,7,0,0,0.000000,0.000000,0.000000,109487.000000,5,0,0,0.000000,0.000000,0.000000,40900.000000,9,0,0,0.000000,0.000000,0.000000,32654.000000,1,0,0,0.000000,0.000000,0.000000,14070.000000,1,0,0,0.000000,0.000000,0.000000,16569.000000
553,545783.000000,645289.696203,0.000000,1,6,1,0,656706.000000,679575.000000,0.000000,61297.000000,4,1,0,600365.000000,618278.000000,0.000000,60816.000000,10,1,0,505183.000000,557462.000000,0.000000,106775.000000,5,1,0,396976.000000,450687.000000,0.000000,66634.000000,1,1,0,367388.000000,368894.000000,0.000000,48486.000000,4,1,0,279837.000000,293756.000000,0.000000,72349.000000,9,0,0,0.000000,0.000000,0.000000,71303.000000,3,0,0,0.000000,0.000000,0.000000,12029.000000,6,0,0,0.000000,0.000000,0.000000,19924.000000,0,0,0,0.000000,0.000000,0.000000,26170.000000
554,668331.000000,645331.287004,0.000000,1,1,1,0,672567.000000,679575.000000,0.000000,160244.000000,9,1,0,487219.000000,519331.000000,0.000000,95373.000000,8,1,0,406628.000000,423958.000000,0.000000,114558.000000,9,1,0,265771.000000,309400.000000,0.000000,84993.000000,2,0,0,0.000000,0.000000,0.000000,48919.000000,6,0,0,0.000000,0.000000,0.000000,54415.000000,3,0,0,0.000000,0.000000,0.000000,49872.000000,3,0,0,0.000000,0.000000,0.000000,11580.000000,5,0,0,0.000000,0.000000,0.000000,42755.000000,2,0,0,0.000000,0.000000,0.000000,5622.000000
555,606471.000000,645261.268468,0.000000,1,6,1,0,656706.000000,679575.000000,0.000000,56795.000000,10,1,0,571539.000000,622780.000000,0.000000,130204.000000,4,1,0,470031.000000,492576.000000,0.000000,108973.000000,9,1,0,336127.000000,383603.000000,0.000000,59965.000000,6,0,0,0.000000,0.000000,0.000000,75463.000000,0,0,0,0.000000,0.000000,0.000000,76368.000000,10,0,0,0.000000,0.000000,0.000000,21721.000000,0,0,0,0.000000,0.000000,0.000000,29319.000000,6,0,0,0.000000,0.000000,0.000000,9047.000000,0,0,0,0.000000,0.000000,0.000000,38616.000000
556,668916.000000,645303.812950,0.000000,1,2,1,0,620604.000000,679575.000000,0.000000,119353.000000,7,1,0,539637.000000,560222.000000,0.000000,161987.000000,5,0,0,0.000000,0.000000,0.000000,27537.000000,9,0,0,0.000000,0.000000,0.000000,131467.000000,4,0,0,0.000000,0.000000,0.000000,59674.000000,5,0,0,0.000000,0.000000,0.000000,53750.000000,0,0,0,0.000000,0.000000,0.000000,25372.000000,9,0,0,0.000000,0.000000,0.000000,55925.000000,0,0,0,0.000000,0.000000,0.000000,20101.000000,3,0,0,0.000000,0.000000,0.000000,13750.000000
557,633773.000000,645283.111311,0.000000,1,4,1,0,661662.000000,679575.000000,0.000000,151149.000000,5,1,0,491143.000000,528426.000000,0.000000,43404.000000,0,0,0,0.000000,0.000000,0.000000,99433.000000,0,0,0,0.000000,0.000000,0.000000,83399.000000,7,0,0,0.000000,0.000000,0.000000,85837.000000,9,0,0,0.000000,0.000000,0.000000,44919.000000,0,0,0,0.000000,0.000000,0.000000,57328.000000,3,0,0,0.000000,0.000000,0.000000,22369.000000,0,0,0,0.000000,0.000000,0.000000,31705.000000,7,0,0,0.000000,0.000000,0.000000,14230.000000
558,658321.000000,645306.476703,0.000000,1,0,0,0,0.000000,0.000000,0.000000,83876.000000,3,1,0,559380.000000,595699.000000,0.000000,90521.000000,9,1,0,475331.000000,505178.000000,0.000000,101136.000000,6,0,0,0.000000,0.000000,0.000000,90619.000000,8,1,0,291464.000000,313423.000000,0.000000,47663.000000,8,1,0,239145.000000,265760.000000,0.000000,72825.000000,1,1,0,182840.000000,192935.000000,0.000000,62577.000000,5,0,0,0.000000,0.000000,0.000000,29566.000000,3,0,0,0.000000,0.000000,0.000000,59420.000000,7,0,0,0.000000,0.000000,0.000000,20118.000000
559,660065.000000,645332.878354,0.000000,1,1,1,0,672567.000000,679575.000000,0.000000,58267.000000,9,1,0,592216.000000,621308.000000,0.000000,56269.000000,2,1,0,506068.000000,565039.000000,0.000000,107307.000000,1,1,0,450724.000000,455157.000000,0.000000,140072.000000,9,0,0,0.000000,0.000000,0.000000,134189.000000,5,0,0,0.000000,0.000000,0.000000,67107.000000,1,0,0,0.000000,0.000000,0.000000,55386.000000,7,0,0,0.000000,0.000000,0.000000,13834.000000,3,0,0,0.000000,0.000000,0.000000,27634.000000,9,0,0,0.000000,0.000000,0.000000,0.000000
560,623588.000000,645294.048214,0.000000,1,0,0,0,0.000000,0.000000,0.000000,117570.000000,1,1,0,554997.000000,562005.000000,0.000000,49864.000000,0,0,0,0.000000,0.000000,0.000000,110819.000000,1,1,0,394314.000000,401322.000000,0.000000,102255.000000,2,0,0,0.000000,0.000000,0.000000,107068.000000,10,0,0,0.000000,0.000000,0.000000,71892.000000,4,0,0,0.000000,0.000000,0.000000,25906.000000,6,0,0,0.000000,0.000000,0.000000,15599.000000,0,0,0,0.000000,0.000000,0.000000,14354.000000,0,0,0,0.000000,0.000000,0.000000,8261.000000
561,643577.000000,645290.987522,0.000000,1,7,1,0,658990.000000,679575.000000,0.000000,170132.000000,9,1,0,480351.000000,509443.000000,0.000000,87460.000000,3,1,0,385664.000000,421983.000000,0.000000,58390.000000,5,0,0,0.000000,0.000000,0.000000,112961.000000,3,0,0,0.000000,0.000000,0.000000,41075.000000,5,0,0,0.000000,0.000000,0.000000,66227.000000,0,0,0,0.000000,0.000000,0.000000,35951.000000,0,0,0,0.000000,0.000000,0.000000,11674.000000,9,0,0,0.000000,0.000000,0.000000,33228.000000,7,0,0,0.000000,0.000000,0.000000,26479.000000
562,607473.000000,645223.695730,0.000000,1,10,1,0,628334.000000,679575.000000,0.000000,67415.000000,9,1,0,582313.000000,612160.000000,0.000000,82952.000000,0,0,0,0.000000,0.000000,0.000000,78488.000000,7,1,0,423492.000000,450720.000000,0.000000,107707.000000,1,1,0,331169.000000,341264.000000,0.000000,36799.000000,7,1,0,277102.000000,302716.000000,0.000000,70097.000000,8,1,0,200757.000000,219938.000000,0.000000,67323.000000,6,0,0,0.000000,0.000000,0.000000,54900.000000,1,0,0,0.000000,0.000000,0.000000,24866.000000,3,0,0,0.000000,0.000000,0.000000,16926.000000
563,631847.000000,645199.936057,0.000000,1,0,0,0,0.000000,0.000000,0.000000,67673.000000,7,1,0,591317.000000,611902.000000,0.000000,95951.000000,10,1,0,464710.000000,515951.000000,0.000000,110129.000000,5,1,0,358482.000000,405822.000000,0.000000,64770.000000,7,1,0,320467.000000,341052.000000,0.000000,133202.000000,8,0,0,0.000000,0.000000,0.000000,75012.000000,0,0,0,0.000000,0.000000,0.000000,34430.000000,9,0,0,0.000000,0.000000,0.000000,20307.000000,2,0,0,0.000000,0.000000,0.000000,16212.000000,7,0,0,0.000000,0.000000,0.000000,14161.000000
564,654045.000000,645215.618794,0.000000,1,3,1,0,643256.000000,679575.000000,0.000000,90581.000000,3,1,0,551494.000000,588994.000000,0.000000,95275.000000,8,1,0,474849.000000,493719.000000,0.000000,107428.000000,6,1,0,352000.000000,386291.000000,0.000000,118348.000000,7,0,0,0.000000,0.000000,0.000000,65449.000000,7,0,0,0.000000,0.000000,0.000000,53093.000000,5,0,0,0.000000,0.000000,0.000000,30330.000000,5,0,0,0.000000,0.000000,0.000000,56552.000000,9,0,0,0.000000,0.000000,0.000000,14140.000000,5,0,0,0.000000,0.000000,0.000000,22849.000000
565,619494.000000,645170.093805,0.000000,1,8,1,0,662245.000000,679575.000000,0.000000,49687.000000,5,1,0,593619.000000,629888.000000,0.000000,80694.000000,7,1,0,522988.000000,549194.000000,0.000000,83687.000000,10,1,0,404668.000000,465507.000000,0.000000,88893.000000,6,1,0,336856.000000,369083.000000,0.000000,75746.000000,7,0,0,0.000000,0.000000,0.000000,34830.000000,6,0,0,0.000000,0.000000,0.000000,63282.000000,2,0,0,0.000000,0.000000,0.000000,95169.000000,9,0,0,0.000000,0.000000,0.000000,32042.000000,7,0,0,0.000000,0.000000,0.000000,15464.000000
566,615672.000000,645117.977032,0.000000,1,8,1,0,662245.000000,679575.000000,0.000000,113032.000000,10,1,0,515302.000000,566543.000000,0.000000,94150.000000,4,1,0,451480.000000,472393.000000,0.000000,71754.000000,6,1,0,377770.000000,400639.000000,0.000000,140771.000000,3,0,0,0.000000,0.000000,0.000000,57772.000000,3,0,0,0.000000,0.000000,0.000000,52256.000000,9,0,0,0.000000,0.000000,0.000000,29663.000000,7,0,0,0.000000,0.000000,0.000000,21510.000000,5,0,0,0.000000,0.000000,0.000000,9449.000000,8,0,0,0.000000,0.000000,0.000000,25315.000000
567,656400.000000,645137.874780,0.000000,1,10,1,0,628334.000000,679575.000000,0.000000,145675.000000,4,1,0,515987.000000,533900.000000,0.000000,37930.000000,6,0,0,0.000000,0.000000,0.000000,109573.000000,10,0,0,0.000000,0.000000,0.000000,54073.000000,4,1,0,308779.000000,327174.000000,0.000000,95267.000000,9,0,0,0.000000,0.000000,0.000000,96828.000000,3,0,0,0.000000,0.000000,0.000000,46269.000000,1,0,0,0.000000,0.000000,0.000000,18494.000000,3,0,0,0.000000,0.000000,0.000000,37095.000000,8,0,0,0.000000,0.000000,0.000000,15196.000000
568,666275.000000,645175.088028,0.000000,1,6,1,0,656706.000000,679575.000000,0.000000,68241.000000,4,1,0,593421.000000,611334.000000,0.000000,67016.000000,6,1,0,521449.000000,544318.000000,0.000000,118295.000000,8,1,0,408693.000000,426023.000000,0.000000,106313.000000,0,0,0,0.000000,0.000000,0.000000,109974.000000,3,0,0,0.000000,0.000000,0.000000,73511.000000,0,0,0,0.000000,0.000000,0.000000,40536.000000,1,0,0,0.000000,0.000000,0.000000,33039.000000,0,0,0,0.000000,0.000000,0.000000,26996.000000,10,0,0,0.000000,0.000000,0.000000,22354.000000
569,666359.000000,645212.318102,0.000000,1,8,1,0,662245.000000,679575.000000,0.000000,77324.000000,9,1,0,573159.000000,602251.000000,0.000000,151494.000000,3,1,0,412898.000000,450757.000000,0.000000,99110.000000,2,0,0,0.000000,0.000000,0.000000,91101.000000,7,0,0,0.000000,0.000000,0.000000,62648.000000,2,0,0,0.000000,0.000000,0.000000,51085.000000,0,0,0,0.000000,0.000000,0.000000,56293.000000,2,0,0,0.000000,0.000000,0.000000,64202.000000,7,0,0,0.000000,0.000000,0.000000,1963.000000,1,0,0,0.000000,0.000000,0.000000,11139.000000
570,625946.000000,645178.517544,0.000000,1,2,1,0,620604.000000,679575.000000,0.000000,181318.000000,1,1,0,491249.000000,498257.000000,0.000000,58746.000000,0,0,0,0.000000,0.000000,0.000000,69236.000000,1,1,0,363267.000000,370275.000000,0.000000,99204.000000,6,0,0,0.000000,0.000000,0.000000,72358.000000,3,0,0,0.000000,0.000000,0.000000,31611.000000,9,0,0,0.000000,0.000000,0.000000,42720.000000,0,0,0,0.000000,0.000000,0.000000,39695.000000,5,0,0,0.000000,0.000000,0.000000,16194.000000,9,0,0,0.000000,0.000000,0.000000,14864.000000
571,638402.000000,645166.649737,0.000000,1,6,1,0,656706.000000,679575.000000,0.000000,97935.000000,0,0,0,0.000000,0.000000,0.000000,81418.000000,10,0,0,0.000000,0.000000,0.000000,80479.000000,7,1,0,398136.000000,419743.000000,0.000000,68589.000000,4,0,0,0.000000,0.000000,0.000000,72014.000000,4,0,0,0.000000,0.000000,0.000000,108948.000000,9,0,0,0.000000,0.000000,0.000000,13832.000000,10,0,0,0.000000,0.000000,0.000000,81143.000000,5,0,0,0.000000,0.000000,0.000000,23901.000000,8,0,0,0.000000,0.000000,0.000000,10143.000000
572,679575.000000,645226.804196,0.000000,1,7,1,0,658990.000000,679575.000000,0.000000,93580.000000,9,1,0,555393.000000,585995.000000,0.000000,115558.000000,1,1,0,463429.000000,470437.000000,0.000000,93220.000000,10,1,0,321181.000000,377217.000000,0.000000,81810.000000,2,0,0,0.000000,0.000000,0.000000,123073.000000,5,0,0,0.000000,0.000000,0.000000,99804.000000,6,0,0,0.000000,0.000000,0.000000,16426.000000,7,0,0,0.000000,0.000000,0.000000,42060.000000,4,0,0,0.000000,0.000000,0.000000,6097.000000,0,0,0,0.000000,0.000000,0.000000,7947.000000
573,667451.000000,645265.589878,0.000000,1,9,1,0,650483.000000,679575.000000,0.000000,115145.000000,7,1,0,543845.000000,564430.000000,0.000000,109995.000000,3,1,0,418116.000000,454435.000000,0.000000,72218.000000,1,1,0,375209.000000,382217.000000,0.000000,66404.000000,5,1,0,265095.000000,315813.000000,0.000000,90156.000000,4,0,0,0.000000,0.000000,0.000000,112257.000000,9,0,0,0.000000,0.000000,0.000000,54359.000000,0,0,0,0.000000,0.000000,0.000000,39343.000000,9,0,0,0.000000,0.000000,0.000000,5700.000000,8,0,0,0.000000,0.000000,0.000000,1874.000000
574,656380.000000,645284.952962,0.000000,1,0,0,0,0.000000,0.000000,0.000000,106987.000000,1,1,0,565580.000000,572588.000000,0.000000,121966.000000,6,1,0,427753.000000,450622.000000,0.000000,89223.000000,8,1,0,344069.000000,361399.000000,0.000000,97324.000000,6,0,0,0.000000,0.000000,0.000000,60705.000000,0,0,0,0.000000,0.000000,0.000000,31099.000000,10,0,0,0.000000,0.000000,0.000000,53015.000000,3,0,0,0.000000,0.000000,0.000000,28808.000000,3,0,0,0.000000,0.000000,0.000000,42724.000000,7,0,0,0.000000,0.000000,0.000000,24529.000000
575,636847.000000,645270.278261,0.000000,1,0,0,0,0.000000,0.000000,0.000000,54462.000000,6,1,0,602244.000000,625113.000000,0.000000,91376.000000,7,1,0,513152.000000,533737.000000,0.000000,158947.000000,3,1,0,320138.000000,372141.000000,0.000000,49606.000000,6,1,0,282151.000000,306467.000000,0.000000,61473.000000,0,0,0,0.000000,0.000000,0.000000,110664.000000,3,0,0,0.000000,0.000000,0.000000,29028.000000,10,0,0,0.000000,0.000000,0.000000,20275.000000,6,0,0,0.000000,0.000000,0.000000,42161.000000,2,0,0,0.000000,0.000000,0.000000,18855.000000
576,668267.000000,645310.203125,0.000000,1,3,1,0,643256.000000,679575.000000,0.000000,33162.000000,10,1,0,595172.000000,646413.000000,0.000000,95514.000000,5,1,0,514630.000000,550899.000000,0.000000,67998.000000,2,1,0,416083.000000,482901.000000,0.000000,118861.000000,7,1,0,342433.000000,364040.000000,0.000000,116744.000000,4,0,0,0.000000,0.000000,0.000000,46445.000000,2,0,0,0.000000,0.000000,0.000000,55302.000000,4,0,0,0.000000,0.000000,0.000000,45971.000000,2,0,0,0.000000,0.000000,0.000000,51156.000000,6,0,0,0.000000,0.000000,0.000000,37114.000000
577,631448.000000,645286.178510,0.000000,1,4,1,0,661662.000000,679575.000000,0.000000,105908.000000,0,0,0,0.000000,0.000000,0.000000,97588.000000,1,1,0,469071.000000,476079.000000,0.000000,84251.000000,0,0,0,0.000000,0.000000,0.000000,75261.000000,6,0,0,0.000000,0.000000,0.000000,87951.000000,8,0,0,0.000000,0.000000,0.000000,29169.000000,3,0,0,0.000000,0.000000,0.000000,53472.000000,0,0,0,0.000000,0.000000,0.000000,52738.000000,5,0,0,0.000000,0.000000,0.000000,21498.000000,0,0,0,0.000000,0.000000,0.000000,23612.000000
578,640347.000000,645277.633218,0.000000,1,3,1,0,643256.000000,679575.000000,0.000000,71262.000000,3,1,0,571994.000000,608313.000000,0.000000,95851.000000,7,1,0,491877.000000,512462.000000,0.000000,127495.000000,2,1,0,320426.000000,384967.000000,0.000000,138148.000000,9,0,0,0.000000,0.000000,0.000000,135624.000000,3,0,0,0.000000,0.000000,0.000000,26545.000000,0,0,0,0.000000,0.000000,0.000000,11019.000000,4,0,0,0.000000,0.000000,0.000000,14380.000000,0,0,0,0.000000,0.000000,0.000000,15067.000000,0,0,0,0.000000,0.000000,0.000000,4956.000000
579,659224.000000,645301.720207,0.000000,1,5,1,0,643306.000000,679575.000000,0.000000,95923.000000,2,1,0,524681.000000,583652.000000,0.000000,86244.000000,1,1,0,490400.000000,497408.000000,0.000000,65054.000000,0,0,0,0.000000,0.000000,0.000000,92093.000000,6,1,0,317392.000000,340261.000000,0.000000,126299.000000,0,0,0,0.000000,0.000000,0.000000,64757.000000,1,0,0,0.000000,0.000000,0.000000,22295.000000,0,0,0,0.000000,0.000000,0.000000,39577.000000,6,0,0,0.000000,0.000000,0.000000,46377.000000,2,0,0,0.000000,0.000000,0.000000,20605.000000
580,656760.000000,645321.475862,0.000000,1,0,0,0,0.000000,0.000000,0.000000,120457.000000,0,0,0,0.000000,0.000000,0.000000,45151.000000,10,1,0,462726.000000,513967.000000,0.000000,159743.000000,6,1,0,325505.000000,354224.000000,0.000000,69097.000000,0,0,0,0.000000,0.000000,0.000000,86181.000000,8,0,0,0.000000,0.000000,0.000000,88599.000000,7,0,0,0.000000,0.000000,0.000000,30271.000000,2,0,0,0.000000,0.000000,0.000000,31551.000000,5,0,0,0.000000,0.000000,0.000000,24761.000000,0,0,0,0.000000,0.000000,0.000000,949.000000
581,652826.000000,645334.392427,0.000000,1,7,1,0,658990.000000,679575.000000,0.000000,54963.000000,5,1,0,588343.000000,624612.000000,0.000000,89515.000000,8,1,0,517767.000000,535097.000000,0.000000,106347.000000,10,0,0,0.000000,0.000000,0.000000,72210.000000,0,0,0,0.000000,0.000000,0.000000,108751.000000,8,0,0,0.000000,0.000000,0.000000,46470.000000,3,0,0,0.000000,0.000000,0.000000,53960.000000,0,0,0,0.000000,0.000000,0.000000,40889.000000,10,0,0,0.000000,0.000000,0.000000,52865.000000,0,0,0,0.000000,0.000000,0.000000,26856.000000
582,637518.000000,645320.962199,0.000000,1,2,1,0,620604.000000,679575.000000,0.000000,115727.000000,10,1,0,507812.000000,563848.000000,0.000000,111931.000000,0,0,0,0.000000,0.000000,0.000000,50989.000000,0,0,0,0.000000,0.000000,0.000000,98461.000000,4,1,0,279466.000000,300743.000000,0.000000,142770.000000,2,0,0,0.000000,0.000000,0.000000,56238.000000,1,1,0,82575.000000,89667.000000,0.000000,13869.000000,0,0,0,0.000000,0.000000,0.000000,17591.000000,6,0,0,0.000000,0.000000,0.000000,18476.000000,0,0,0,0.000000,0.000000,0.000000,11466.000000
583,656605.000000,645340.317324,0.000000,1,8,1,0,662245.000000,679575.000000,0.000000,105429.000000,8,1,0,556816.000000,574146.000000,0.000000,115201.000000,9,1,0,428343.000000,458945.000000,0.000000,111147.000000,7,1,0,327213.000000,347798.000000,0.000000,61774.000000,9,0,0,0.000000,0.000000,0.000000,72302.000000,0,0,0,0.000000,0.000000,0.000000,51598.000000,2,0,0,0.000000,0.000000,0.000000,48358.000000,8,0,0,0.000000,0.000000,0.000000,45298.000000,6,0,0,0.000000,0.000000,0.000000,29608.000000,4,0,0,0.000000,0.000000,0.000000,15890.000000
584,664125.000000,645372.482877,0.000000,1,3,1,0,643256.000000,679575.000000,0.000000,63036.000000,4,1,0,598626.000000,616539.000000,0.000000,92419.000000,6,1,0,492125.000000,524120.000000,0.000000,73520.000000,0,0,0,0.000000,0.000000,0.000000,60584.000000,4,1,0,361618.000000,377039.000000,0.000000,80412.000000,3,0,0,0.000000,0.000000,0.000000,60021.000000,10,0,0,0.000000,0.000000,0.000000,68958.000000,6,0,0,0.000000,0.000000,0.000000,101438.000000,9,0,0,0.000000,0.000000,0.000000,45186.000000,5,0,0,0.000000,0.000000,0.000000,18551.000000
585,630061.000000,645346.309402,0.000000,1,2,1,0,620604.000000,679575.000000,0.000000,77218.000000,5,1,0,566088.000000,602357.000000,0.000000,82415.000000,7,1,0,499071.000000,519942.000000,0.000000,81045.000000,1,1,0,431889.000000,438897.000000,0.000000,71084.000000,2,0,0,0.000000,0.000000,0.000000,99904.000000,0,0,0,0.000000,0.000000,0.000000,77144.000000,0,0,0,0.000000,0.000000,0.000000,64330.000000,8,0,0,0.000000,0.000000,0.000000,55601.000000,0,0,0,0.000000,0.000000,0.000000,6193.000000,2,0,0,0.000000,0.000000,0.000000,15127.000000
586,637787.000000,645333.409556,0.000000,1,2,1,0,620604.000000,679575.000000,0.000000,81409.000000,6,1,0,575297.000000,598166.000000,0.000000,53986.000000,6,1,0,521311.000000,544180.000000,0.000000,88271.000000,4,1,0,437996.000000,455909.000000,0.000000,74176.000000,4,0,0,0.000000,0.000000,0.000000,68622.000000,0,0,0,0.000000,0.000000,0.000000,68883.000000,10,0,0,0.000000,0.000000,0.000000,108470.000000,0,0,0,0.000000,0.000000,0.000000,47343.000000,6,0,0,0.000000,0.000000,0.000000,28762.000000,3,0,0,0.000000,0.000000,0.000000,17865.000000
587,673095.000000,645380.703578,0.000000,1,2,1,0,620604.000000,679575.000000,0.000000,70524.000000,2,1,0,550080.000000,609051.000000,0.000000,90344.000000,3,1,0,478808.000000,518707.000000,0.000000,150302.000000,8,0,0,0.000000,0.000000,0.000000,77791.000000,2,0,0,0.000000,0.000000,0.000000,106585.000000,3,0,0,0.000000,0.000000,0.000000,48837.000000,2,0,0,0.000000,0.000000,0.000000,41412.000000,0,0,0,0.000000,0.000000,0.000000,34987.000000,7,0,0,0.000000,0.000000,0.000000,31493.000000,4,0,0,0.000000,0.000000,0.000000,20820.000000
588,651435.000000,645391.000000,0.000000,1,6,1,0,656706.000000,679575.000000,0.000000,119266.000000,9,1,0,531217.000000,560309.000000,0.000000,89534.000000,8,1,0,453445.000000,470775.000000,0.000000,103760.000000,10,0,0,0.000000,0.000000,0.000000,43071.000000,3,0,0,0.000000,0.000000,0.000000,90401.000000,4,0,0,0.000000,0.000000,0.000000,64868.000000,0,0,0,0.000000,0.000000,0.000000,54756.000000,10,0,0,0.000000,0.000000,0.000000,32647.000000,4,0,0,0.000000,0.000000,0.000000,36315.000000,9,0,0,0.000000,0.000000,0.000000,16817.000000
589,664664.000000,645423.721562,0.000000,1,10,1,0,628334.000000,679575.000000,0.000000,63576.000000,6,1,0,593130.000000,615999.000000,0.000000,101653.000000,0,0,0,0.000000,0.000000,0.000000,95886.000000,5,1,0,381086.000000,418460.000000,0.000000,65073.000000,6,1,0,328380.000000,353387.000000,0.000000,115733.000000,6,0,0,0.000000,0.000000,0.000000,74974.000000,0,0,0,0.000000,0.000000,0.000000,33579.000000,3,0,0,0.000000,0.000000,0.000000,65271.000000,3,0,0,0.000000,0.000000,0.000000,19603.000000,10,0,0,0.000000,0.000000,0.000000,29316.000000
590,625051.000000,645389.191525,0.000000,1,3,1,0,643256.000000,679575.000000,0.000000,77527.000000,8,1,0,584718.000000,602048.000000,0.000000,120774.000000,0,0,0,0.000000,0.000000,0.000000,61041.000000,6,1,0,389174.000000,420233.000000,0.000000,87312.000000,6,0,0,0.000000,0.000000,0.000000,89260.000000,9,0,0,0.000000,0.000000,0.000000,50877.000000,0,0,0,0.000000,0.000000,0.000000,53551.000000,2,0,0,0.000000,0.000000,0.000000,26184.000000,0,0,0,0.000000,0.000000,0.000000,9518.000000,10,0,0,0.000000,0.000000,0.000000,49007.000000
591,633707.000000,645369.424704,0.000000,1,5,1,0,643306.000000,679575.000000,0.000000,85643.000000,0,0,0,0.000000,0.000000,0.000000,96912.000000,7,1,0,474391.000000,497020.000000,0.000000,126526.000000,4,1,0,348493.000000,370494.000000,0.000000,27122.000000,10,0,0,0.000000,0.000000,0.000000,84357.000000,10,0,0,0.000000,0.000000,0.000000,59791.000000,0,0,0,0.000000,0.000000,0.000000,82997.000000,0,0,0,0.000000,0.000000,0.000000,34278.000000,0,0,0,0.000000,0.000000,0.000000,12226.000000,3,0,0,0.000000,0.000000,0.000000,23855.000000
592,633421.000000,645349.241554,0.000000,1,1,1,0,672567.000000,679575.000000,0.000000,31898.000000,7,1,0,627092.000000,647677.000000,0.000000,86367.000000,8,1,0,543980.000000,561310.000000,0.000000,95251.000000,2,1,0,396658.000000,466059.000000,0.000000,86431.000000,9,1,0,347516.000000,379628.000000,0.000000,88640.000000,0,0,0,0.000000,0.000000,0.000000,63626.000000,8,1,0,205412.000000,223914.000000,0.000000,74158.000000,7,0,0,0.000000,0.000000,0.000000,32847.000000,4,0,0,0.000000,0.000000,0.000000,48462.000000,10,0,0,0.000000,0.000000,0.000000,25741.000000
593,612361.000000,645293.612142,0.000000,1,6,1,0,656706.000000,679575.000000,0.000000,68696.000000,9,1,0,581787.000000,610879.000000,0.000000,94852.000000,6,1,0,493158.000000,516027.000000,0.000000,108728.000000,10,1,0,347191.000000,407299.000000,0.000000,31633.000000,0,0,0,0.000000,0.000000,0.000000,102847.000000,3,0,0,0.000000,0.000000,0.000000,52336.000000,0,0,0,0.000000,0.000000,0.000000,63672.000000,0,0,0,0.000000,0.000000,0.000000,26571.000000,0,0,0,0.000000,0.000000,0.000000,55296.000000,0,0,0,0.000000,0.000000,0.000000,7730.000000
594,679575.000000,645351.324916,0.000000,1,0,0,0,0.000000,0.000000,0.000000,85669.000000,0,0,0,0.000000,0.000000,0.000000,115253.000000,3,1,0,430487.000000,478653.000000,0.000000,92484.000000,5,1,0,322023.000000,386169.000000,0.000000,98490.000000,5,0,0,0.000000,0.000000,0.000000,68698.000000,3,0,0,0.000000,0.000000,0.000000,52098.000000,10,0,0,0.000000,0.000000,0.000000,51259.000000,0,0,0,0.000000,0.000000,0.000000,45167.000000,5,0,0,0.000000,0.000000,0.000000,14034.000000,9,0,0,0.000000,0.000000,0.000000,56423.000000
595,648242.000000,645356.183193,0.000000,1,0,0,0,0.000000,0.000000,0.000000,180528.000000,2,1,0,428483.000000,499047.000000,0.000000,67860.000000,0,0,0,0.000000,0.000000,0.000000,111571.000000,3,0,0,0.000000,0.000000,0.000000,112234.000000,7,0,0,0.000000,0.000000,0.000000,39359.000000,0,0,0,0.000000,0.000000,0.000000,56630.000000,2,0,0,0.000000,0.000000,0.000000,44902.000000,0,0,0,0.000000,0.000000,0.000000,23853.000000,5,0,0,0.000000,0.000000,0.000000,6649.000000,0,0,0,0.000000,0.000000,0.000000,4656.000000
596,637689.000000,645343.318792,0.000000,1,8,1,0,662245.000000,679575.000000,0.000000,153355.000000,0,0,0,0.000000,0.000000,0.000000,52613.000000,4,1,0,455694.000000,473607.000000,0.000000,112872.000000,9,0,0,0.000000,0.000000,0.000000,51220.000000,8,0,0,0.000000,0.000000,0.000000,45621.000000,5,0,0,0.000000,0.000000,0.000000,71868.000000,6,0,0,0.000000,0.000000,0.000000,69555.000000,5,0,0,0.000000,0.000000,0.000000,23115.000000,1,0,0,0.000000,0.000000,0.000000,32504.000000,4,0,0,0.000000,0.000000,0.000000,24966.000000
597,628266.000000,645314.713568,0.000000,1,9,1,0,650483.000000,679575.000000,0.000000,69840.000000,6,1,0,586866.000000,609735.000000,0.000000,124309.000000,4,1,0,467513.000000,485426.000000,0.000000,93247.000000,10,1,0,327496.000000,392179.000000,0.000000,105935.000000,4,0,0,0.000000,0.000000,0.000000,60970.000000,7,0,0,0.000000,0.000000,0.000000,104534.000000,4,0,0,0.000000,0.000000,0.000000,26827.000000,7,0,0,0.000000,0.000000,0.000000,16164.000000,0,0,0,0.000000,0.000000,0.000000,11596.000000,8,0,0,0.000000,0.000000,0.000000,14844.000000
598,676926.000000,645367.575251,0.000000,1,0,0,0,0.000000,0.000000,0.000000,93354.000000,3,1,0,549902.000000,586221.000000,0.000000,65549.000000,2,1,0,461701.000000,520672.000000,0.000000,53288.000000,8,1,0,448514.000000,467384.000000,0.000000,89216.000000,10,0,0,0.000000,0.000000,0.000000,104808.000000,0,0,0,0.000000,0.000000,0.000000,103294.000000,0,0,0,0.000000,0.000000,0.000000,62406.000000,9,0,0,0.000000,0.000000,0.000000,36635.000000,9,0,0,0.000000,0.000000,0.000000,35356.000000,9,0,0,0.000000,0.000000,0.000000,33020.000000
599,654360.000000,645382.587646,0.000000,1,1,1,0,672567.000000,679575.000000,0.000000,146933.000000,9,1,0,497510.000000,532642.000000,0.000000,87271.000000,7,1,0,416142.000000,445371.000000,0.000000,47872.000000,1,1,0,390491.000000,397499.000000,0.000000,66840.000000,4,1,0,311202.000000,325017.000000,0.000000,101384.000000,5,0,0,0.000000,0.000000,0.000000,63359.000000,5,0,0,0.000000,0.000000,0.000000,57873.000000,10,0,0,0.000000,0.000000,0.000000,31592.000000,0,0,0,0.000000,0.000000,0.000000,38798.000000,4,0,0,0.000000,0.000000,0.000000,12438.000000
600,663955.000000,645413.541667,0.000000,1,1,1,0,672567.000000,679575.000000,0.000000,110846.000000,4,1,0,549648.000000,568729.000000,0.000000,113299.000000,2,0,0,0.000000,0.000000,0.000000,103312.000000,2,0,0,0.000000,0.000000,0.000000,51887.000000,0,0,0,0.000000,0.000000,0.000000,95767.000000,1,1,0,197456.000000,204464.000000,0.000000,50661.000000,4,0,0,0.000000,0.000000,0.000000,67084.000000,7,0,0,0.000000,0.000000,0.000000,21242.000000,3,0,0,0.000000,0.000000,0.000000,39290.000000,6,0,0,0.000000,0.000000,0.000000,10567.000000
601,679575.000000,645470.382696,0.000000,3,5,1,0,643306.000000,679575.000000,0.000000,154304.000000,3,1,0,488952.000000,525271.000000,0.000000,102708.000000,0,0,0,0.000000,0.000000,0.000000,116002.000000,6,0,0,0.000000,0.000000,0.000000,89220.000000,9,0,0,0.000000,0.000000,0.000000,117120.000000,10,0,0,0.000000,0.000000,0.000000,47385.000000,0,0,0,0.000000,0.000000,0.000000,31410.000000,2,0,0,0.000000,0.000000,0.000000,21426.000000,0,0,0,0.000000,0.000000,0.000000,0.000000,0,0,0,0.000000,0.000000,0.000000,0.000000
602,603610.000000,645400.847176,0.000000,1,1,1,0,672567.000000,679575.000000,0.000000,92082.000000,0,0,0,0.000000,0.000000,0.000000,99613.000000,0,0,0,0.000000,0.000000,0.000000,79666.000000,2,0,0,0.000000,0.000000,0.000000,79016.000000,0,0,0,0.000000,0.000000,0.000000,80796.000000,3,0,0,0.000000,0.000000,0.000000,9431.000000,0,0,0,0.000000,0.000000,0.000000,26433.000000,0,0,0,0.000000,0.000000,0.000000,47377.000000,10,0,0,0.000000,0.000000,0.000000,38739.000000,4,0,0,0.000000,0.000000,0.000000,50457.000000
603,647595.000000,645404.485904,0.000000,1,3,1,0,643256.000000,679575.000000,0.000000,84600.000000,4,1,0,577062.000000,594975.000000,0.000000,74202.000000,6,1,0,497904.000000,520773.000000,0.000000,112941.000000,10,0,0,0.000000,0.000000,0.000000,101338.000000,7,0,0,0.000000,0.000000,0.000000,89690.000000,9,0,0,0.000000,0.000000,0.000000,30231.000000,2,0,0,0.000000,0.000000,0.000000,60522.000000,1,0,0,0.000000,0.000000,0.000000,53897.000000,8,0,0,0.000000,0.000000,0.000000,39225.000000,6,0,0,0.000000,0.000000,0.000000,949.000000
604,643533.000000,645401.387417,0.000000,1,0,0,0,0.000000,0.000000,0.000000,78268.000000,0,0,0,0.000000,0.000000,0.000000,135583.000000,6,1,0,442855.000000,465724.000000,0.000000,144007.000000,7,1,0,300560.000000,321717.000000,0.000000,88448.000000,0,0,0,0.000000,0.000000,0.000000,56975.000000,10,0,0,0.000000,0.000000,0.000000,42749.000000,1,0,0,0.000000,0.000000,0.000000,37889.000000,2,0,0,0.000000,0.000000,0.000000,24241.000000,4,0,0,0.000000,0.000000,0.000000,23396.000000,9,0,0,0.000000,0.000000,0.000000,11977.000000
605,660197.000000,645425.842975,0.000000,1,7,1,0,658990.000000,679575.000000,0.000000,111161.000000,10,1,0,517173.000000,568414.000000,0.000000,83430.000000,7,1,0,464399.000000,484984.000000,0.000000,83616.000000,0,0,0,0.000000,0.000000,0.000000,77171.000000,8,1,0,296803.000000,324197.000000,0.000000,105070.000000,0,0,0,0.000000,0.000000,0.000000,54759.000000,5,0,0,0.000000,0.000000,0.000000,65938.000000,2,0,0,0.000000,0.000000,0.000000,36215.000000,0,0,0,0.000000,0.000000,0.000000,15543.000000,9,0,0,0.000000,0.000000,0.000000,27294.000000
606,609708.000000,645366.902640,0.000000,1,7,1,0,658990.000000,679575.000000,0.000000,147447.000000,1,1,0,525120.000000,532128.000000,0.000000,67887.000000,2,0,0,0.000000,0.000000,0.000000,91433.000000,9,0,0,0.000000,0.000000,0.000000,87486.000000,10,0,0,0.000000,0.000000,0.000000,49478.000000,0,0,0,0.000000,0.000000,0.000000,66466.000000,6,0,0,0.000000,0.000000,0.000000,47813.000000,6,0,0,0.000000,0.000000,0.000000,17829.000000,2,0,0,0.000000,0.000000,0.000000,17439.000000,4,0,0,0.000000,0.000000,0.000000,16430.000000
607,666576.000000,645401.843493,0.000000,1,2,1,0,620604.000000,679575.000000,0.000000,85881.000000,7,1,0,573109.000000,593694.000000,0.000000,107391.000000,0,0,0,0.000000,0.000000,0.000000,99599.000000,9,1,0,353034.000000,386704.000000,0.000000,82076.000000,2,0,0,0.000000,0.000000,0.000000,117625.000000,9,0,0,0.000000,0.000000,0.000000,68141.000000,4,0,0,0.000000,0.000000,0.000000,59072.000000,4,0,0,0.000000,0.000000,0.000000,27264.000000,8,0,0,0.000000,0.000000,0.000000,17589.000000,2,0,0,0.000000,0.000000,0.000000,1938.000000
608,630919.000000,645378.023026,0.000000,1,6,1,0,656706.000000,679575.000000,0.000000,112841.000000,0,0,0,0.000000,0.000000,0.000000,32062.000000,2,1,0,475701.000000,534672.000000,0.000000,93787.000000,5,1,0,403511.000000,440885.000000,0.000000,77319.000000,3,1,0,322097.000000,358416.000000,0.000000,51547.000000,2,0,0,0.000000,0.000000,0.000000,77422.000000,10,0,0,0.000000,0.000000,0.000000,90749.000000,6,0,0,0.000000,0.000000,0.000000,55087.000000,9,0,0,0.000000,0.000000,0.000000,6590.000000,5,0,0,0.000000,0.000000,0.000000,33515.000000
609,639054.000000,645367.638752,0.000000,1,6,1,0,656706.000000,679575.000000,0.000000,70807.000000,1,1,0,601760.000000,608768.000000,0.000000,78213.000000,5,1,0,494286.000000,530555.000000,0.000000,141514.000000,0,0,0,0.000000,0.000000,0.000000,93573.000000,0,0,0,0.000000,0.000000,0.000000,65884.000000,2,0,0,0.000000,0.000000,0.000000,55768.000000,0,0,0,0.000000,0.000000,0.000000,55341.000000,6,0,0,0.000000,0.000000,0.000000,42790.000000,2,0,0,0.000000,0.000000,0.000000,14383.000000,8,0,0,0.000000,0.000000,0.000000,20781.000000
610,631270.000000,645344.527869,0.000000,1,0,0,0,0.000000,0.000000,0.000000,118577.000000,9,1,0,531906.000000,560998.000000,0.000000,63985.000000,2,1,0,438042.000000,497013.000000,0.000000,123983.000000,7,1,0,343604.000000,373030.000000,0.000000,97607.000000,10,0,0,0.000000,0.000000,0.000000,72362.000000,9,0,0,0.000000,0.000000,0.000000,42393.000000,8,0,0,0.000000,0.000000,0.000000,35126.000000,2,0,0,0.000000,0.000000,0.000000,25677.000000,8,0,0,0.000000,0.000000,0.000000,13443.000000,7,0,0,0.000000,0.000000,0.000000,38117.000000
611,635882.000000,645329.040917,0.000000,1,9,1,0,650483.000000,679575.000000,0.000000,98201.000000,3,1,0,544285.000000,581374.000000,0.000000,79209.000000,9,1,0,470098.000000,502165.000000,0.000000,88719.000000,0,0,0,0.000000,0.000000,0.000000,65263.000000,1,1,0,339460.000000,348183.000000,0.000000,48872.000000,7,0,0,0.000000,0.000000,0.000000,89710.000000,5,0,0,0.000000,0.000000,0.000000,81827.000000,7,0,0,0.000000,0.000000,0.000000,39944.000000,4,0,0,0.000000,0.000000,0.000000,31042.000000,6,0,0,0.000000,0.000000,0.000000,13095.000000
612,671893.000000,645372.446078,0.000000,1,0,0,0,0.000000,0.000000,0.000000,106258.000000,6,1,0,550448.000000,573317.000000,0.000000,106950.000000,7,1,0,445782.000000,466367.000000,0.000000,72563.000000,0,0,0,0.000000,0.000000,0.000000,66977.000000,3,0,0,0.000000,0.000000,0.000000,101928.000000,1,1,0,217891.000000,224899.000000,0.000000,90804.000000,5,0,0,0.000000,0.000000,0.000000,65300.000000,8,0,0,0.000000,0.000000,0.000000,27509.000000,1,0,0,0.000000,0.000000,0.000000,17228.000000,0,0,0,0.000000,0.000000,0.000000,16376.000000
613,619611.000000,645330.420881,0.000000,1,0,0,0,0.000000,0.000000,0.000000,117095.000000,8,1,0,545150.000000,562480.000000,0.000000,126373.000000,10,1,0,384866.000000,436107.000000,0.000000,129816.000000,1,1,0,297184.000000,306291.000000,0.000000,71835.000000,0,0,0,0.000000,0.000000,0.000000,41766.000000,0,0,0,0.000000,0.000000,0.000000,40224.000000,8,0,0,0.000000,0.000000,0.000000,52316.000000,0,0,0,0.000000,0.000000,0.000000,27501.000000,2,0,0,0.000000,0.000000,0.000000,5251.000000,4,0,0,0.000000,0.000000,0.000000,7434.000000
614,647831.000000,645334.493485,0.000000,1,2,1,0,620604.000000,679575.000000,0.000000,103664.000000,4,1,0,557998.000000,575911.000000,0.000000,79275.000000,0,0,0,0.000000,0.000000,0.000000,161376.000000,6,0,0,0.000000,0.000000,0.000000,66031.000000,0,0,0,0.000000,0.000000,0.000000,59154.000000,6,0,0,0.000000,0.000000,0.000000,44038.000000,9,0,0,0.000000,0.000000,0.000000,68536.000000,2,0,0,0.000000,0.000000,0.000000,13454.000000,5,0,0,0.000000,0.000000,0.000000,42142.000000,9,0,0,0.000000,0.000000,0.000000,10161.000000
615,678657.000000,645388.676423,0.000000,1,9,1,0,650483.000000,679575.000000,0.000000,125611.000000,10,1,0,502723.000000,553964.000000,0.000000,88576.000000,8,1,0,442659.000000,465388.000000,0.000000,111856.000000,2,0,0,0.000000,0.000000,0.000000,92772.000000,0,0,0,0.000000,0.000000,0.000000,77138.000000,7,0,0,0.000000,0.000000,0.000000,88258.000000,4,0,0,0.000000,0.000000,0.000000,31164.000000,0,0,0,0.000000,0.000000,0.000000,37596.000000,9,0,0,0.000000,0.000000,0.000000,14730.000000,5,0,0,0.000000,0.000000,0.000000,10956.000000
616,614822.000000,645339.055195,0.000000,1,0,0,0,0.000000,0.000000,0.000000,95132.000000,5,1,0,548174.000000,584443.000000,0.000000,101055.000000,9,1,0,442923.000000,483388.000000,0.000000,68965.000000,0,0,0,0.000000,0.000000,0.000000,66260.000000,8,1,0,323694.000000,346414.000000,0.000000,82653.000000,0,0,0,0.000000,0.000000,0.000000,69072.000000,4,0,0,0.000000,0.000000,0.000000,52872.000000,2,0,0,0.000000,0.000000,0.000000,15239.000000,8,0,0,0.000000,0.000000,0.000000,21090.000000,7,0,0,0.000000,0.000000,0.000000,42484.000000
617,674730.000000,645386.690438,0.000000,1,9,1,0,650483.000000,679575.000000,0.000000,103772.000000,0,0,0,0.000000,0.000000,0.000000,99250.000000,9,1,0,447461.000000,476553.000000,0.000000,96129.000000,2,0,0,0.000000,0.000000,0.000000,68015.000000,9,0,0,0.000000,0.000000,0.000000,82296.000000,5,0,0,0.000000,0.000000,0.000000,99521.000000,6,0,0,0.000000,0.000000,0.000000,69487.000000,6,0,0,0.000000,0.000000,0.000000,28181.000000,4,0,0,0.000000,0.000000,0.000000,18579.000000,8,0,0,0.000000,0.000000,0.000000,9500.000000
618,649378.000000,645393.148867,0.000000,1,9,1,0,650483.000000,679575.000000,0.000000,85099.000000,6,1,0,571607.000000,594476.000000,0.000000,80105.000000,10,1,0,463130.000000,514371.000000,0.000000,83831.000000,0,0,0,0.000000,0.000000,0.000000,154841.000000,3,0,0,0.000000,0.000000,0.000000,40449.000000,7,0,0,0.000000,0.000000,0.000000,78101.000000,7,0,0,0.000000,0.000000,0.000000,44976.000000,10,0,0,0.000000,0.000000,0.000000,44162.000000,4,0,0,0.000000,0.000000,0.000000,19926.000000,0,0,0,0.000000,0.000000,0.000000,17888.000000
619,636326.000000,645378.500808,0.000000,1,0,0,0,0.000000,0.000000,0.000000,109968.000000,7,1,0,549022.000000,569607.000000,0.000000,61141.000000,1,1,0,501458.000000,508466.000000,0.000000,41703.000000,8,1,0,449433.000000,466763.000000,0.000000,120066.000000,4,1,0,328784.000000,346697.000000,0.000000,65843.000000,0,0,0,0.000000,0.000000,0.000000,74965.000000,0,0,0,0.000000,0.000000,0.000000,53240.000000,0,0,0,0.000000,0.000000,0.000000,23188.000000,1,0,0,0.000000,0.000000,0.000000,52168.000000,2,0,0,0.000000,0.000000,0.000000,34044.000000
620,649199.000000,645384.662903,0.000000,1,2,1,0,620604.000000,679575.000000,0.000000,119823.000000,7,1,0,539167.000000,559752.000000,0.000000,109240.000000,7,1,0,429927.000000,450512.000000,0.000000,45001.000000,10,0,0,0.000000,0.000000,0.000000,58004.000000,0,0,0,0.000000,0.000000,0.000000,104303.000000,2,0,0,0.000000,0.000000,0.000000,67775.000000,1,0,0,0.000000,0.000000,0.000000,49317.000000,2,0,0,0.000000,0.000000,0.000000,54791.000000,3,0,0,0.000000,0.000000,0.000000,32540.000000,9,0,0,0.000000,0.000000,0.000000,8405.000000
621,668725.000000,645422.247987,0.000000,1,8,1,0,662245.000000,679575.000000,0.000000,114759.000000,3,1,0,528497.000000,564816.000000,0.000000,123631.000000,1,1,0,434177.000000,441185.000000,0.000000,113360.000000,10,0,0,0.000000,0.000000,0.000000,101282.000000,0,0,0,0.000000,0.000000,0.000000,61824.000000,6,0,0,0.000000,0.000000,0.000000,25999.000000,5,0,0,0.000000,0.000000,0.000000,69384.000000,0,0,0,0.000000,0.000000,0.000000,14922.000000,9,0,0,0.000000,0.000000,0.000000,20819.000000,5,0,0,0.000000,0.000000,0.000000,22745.000000
622,617293.000000,645377.024116,0.000000,1,7,1,0,658990.000000,679575.000000,0.000000,108725.000000,10,1,0,519609.000000,570850.000000,0.000000,76308.000000,10,1,0,428892.000000,494542.000000,0.000000,94411.000000,2,0,0,0.000000,0.000000,0.000000,86219.000000,9,0,0,0.000000,0.000000,0.000000,87991.000000,2,0,0,0.000000,0.000000,0.000000,64750.000000,0,0,0,0.000000,0.000000,0.000000,58992.000000,7,0,0,0.000000,0.000000,0.000000,21769.000000,2,0,0,0.000000,0.000000,0.000000,6150.000000,0,0,0,0.000000,0.000000,0.000000,11978.000000
623,675927.000000,645426.060995,0.000000,1,9,1,0,650483.000000,679575.000000,0.000000,76160.000000,8,1,0,586085.000000,603415.000000,0.000000,69831.000000,4,1,0,515671.000000,533584.000000,0.000000,71310.000000,2,1,0,387624.000000,462274.000000,0.000000,94420.000000,1,1,0,356145.000000,365376.000000,0.000000,91280.000000,8,0,0,0.000000,0.000000,0.000000,100581.000000,9,0,0,0.000000,0.000000,0.000000,61258.000000,0,0,0,0.000000,0.000000,0.000000,71148.000000,4,0,0,0.000000,0.000000,0.000000,28391.000000,7,0,0,0.000000,0.000000,0.000000,11548.000000
624,674221.000000,645472.206731,0.000000,1,4,1,0,661662.000000,679575.000000,0.000000,86146.000000,4,1,0,575516.000000,593429.000000,0.000000,75343.000000,6,1,0,495217.000000,518086.000000,0.000000,103500.000000,4,1,0,393169.000000,414586.000000,0.000000,88592.000000,7,0,0,0.000000,0.000000,0.000000,71623.000000,0,0,0,0.000000,0.000000,0.000000,53440.000000,2,0,0,0.000000,0.000000,0.000000,79936.000000,1,1,0,110787.000000,118318.000000,0.000000,35523.000000,9,0,0,0.000000,0.000000,0.000000,74866.000000,8,0,0,0.000000,0.000000,0.000000,5252.000000
625,670075.000000,645511.571200,0.000000,1,5,1,0,643306.000000,679575.000000,0.000000,122271.000000,2,1,0,498333.000000,557304.000000,0.000000,74149.000000,6,1,0,460286.000000,483155.000000,0.000000,108479.000000,7,0,0,0.000000,0.000000,0.000000,105565.000000,0,0,0,0.000000,0.000000,0.000000,107514.000000,5,0,0,0.000000,0.000000,0.000000,60679.000000,3,0,0,0.000000,0.000000,0.000000,32725.000000,10,0,0,0.000000,0.000000,0.000000,28224.000000,9,0,0,0.000000,0.000000,0.000000,28569.000000,5,0,0,0.000000,0.000000,0.000000,1900.000000
626,640801.000000,645504.046326,0.000000,1,0,0,0,0.000000,0.000000,0.000000,38525.000000,1,1,0,634042.000000,641050.000000,0.000000,73043.000000,2,1,0,509036.000000,568007.000000,0.000000,57049.000000,7,1,0,489862.000000,510958.000000,0.000000,80798.000000,4,1,0,407291.000000,417662.000000,0.000000,87037.000000,7,0,0,0.000000,0.000000,0.000000,82580.000000,3,0,0,0.000000,0.000000,0.000000,116891.000000,10,0,0,0.000000,0.000000,0.000000,40842.000000,4,0,0,0.000000,0.000000,0.000000,50734.000000,9,0,0,0.000000,0.000000,0.000000,13302.000000
627,643666.000000,645501.114833,0.000000,1,0,0,0,0.000000,0.000000,0.000000,75489.000000,1,1,0,597078.000000,604086.000000,0.000000,93709.000000,10,1,0,459136.000000,510377.000000,0.000000,128971.000000,6,0,0,0.000000,0.000000,0.000000,103802.000000,7,0,0,0.000000,0.000000,0.000000,56832.000000,6,0,0,0.000000,0.000000,0.000000,52256.000000,3,0,0,0.000000,0.000000,0.000000,33097.000000,6,0,0,0.000000,0.000000,0.000000,60288.000000,4,0,0,0.000000,0.000000,0.000000,22555.000000,10,0,0,0.000000,0.000000,0.000000,16667.000000
628,654920.000000,645516.113057,0.000000,1,0,0,0,0.000000,0.000000,0.000000,110601.000000,6,1,0,546105.000000,568974.000000,0.000000,64286.000000,6,1,0,481819.000000,504688.000000,0.000000,88016.000000,4,1,0,398759.000000,416672.000000,0.000000,71773.000000,0,0,0,0.000000,0.000000,0.000000,37923.000000,10,0,0,0.000000,0.000000,0.000000,68117.000000,1,1,1,225832.000000,225741.000000,19854.000000,74391.000000,10,0,0,0.000000,0.000000,0.000000,44514.000000,2,0,0,0.000000,0.000000,0.000000,48949.000000,5,0,0,0.000000,0.000000,0.000000,26496.000000
629,598244.000000,645440.958665,0.000000,1,1,1,0,672567.000000,679575.000000,0.000000,97681.000000,10,1,0,530653.000000,581894.000000,0.000000,59549.000000,7,1,0,501760.000000,522345.000000,0.000000,72066.000000,0,0,0,0.000000,0.000000,0.000000,55512.000000,7,1,0,366457.000000,387042.000000,0.000000,85537.000000,0,0,0,0.000000,0.000000,0.000000,98214.000000,9,0,0,0.000000,0.000000,0.000000,43139.000000,5,0,0,0.000000,0.000000,0.000000,46658.000000,5,0,0,0.000000,0.000000,0.000000,17643.000000,1,0,0,0.000000,0.000000,0.000000,22245.000000
630,649270.000000,645447.036508,0.000000,1,10,1,0,628334.000000,679575.000000,0.000000,128553.000000,5,1,0,514753.000000,551022.000000,0.000000,112867.000000,8,1,0,420825.000000,438155.000000,0.000000,65906.000000,7,1,0,351664.000000,372249.000000,0.000000,73226.000000,0,0,0,0.000000,0.000000,0.000000,52179.000000,7,1,0,211389.000000,230262.000000,0.000000,67439.000000,8,0,0,0.000000,0.000000,0.000000,91223.000000,0,0,0,0.000000,0.000000,0.000000,11515.000000,7,0,0,0.000000,0.000000,0.000000,17306.000000,1,0,0,0.000000,0.000000,0.000000,29056.000000
631,664245.000000,645476.827258,0.000000,1,6,1,0,656706.000000,679575.000000,0.000000,81520.000000,8,1,0,580725.000000,598055.000000,0.000000,137332.000000,8,1,0,443393.000000,460723.000000,0.000000,91450.000000,9,1,0,324416.000000,369273.000000,0.000000,94610.000000,8,0,0,0.000000,0.000000,0.000000,67173.000000,3,0,0,0.000000,0.000000,0.000000,42565.000000,7,0,0,0.000000,0.000000,0.000000,84533.000000,4,0,0,0.000000,0.000000,0.000000,45305.000000,0,0,0,0.000000,0.000000,0.000000,14602.000000,7,0,0,0.000000,0.000000,0.000000,5155.000000
632,604335.000000,645411.729430,0.000000,1,3,1,0,643256.000000,679575.000000,0.000000,94868.000000,0,0,0,0.000000,0.000000,0.000000,54701.000000,8,1,0,512676.000000,530006.000000,0.000000,112423.000000,8,1,0,399543.000000,417583.000000,0.000000,79732.000000,9,0,0,0.000000,0.000000,0.000000,63637.000000,7,0,0,0.000000,0.000000,0.000000,89468.000000,5,0,0,0.000000,0.000000,0.000000,27556.000000,8,0,0,0.000000,0.000000,0.000000,34807.000000,8,0,0,0.000000,0.000000,0.000000,28616.000000,5,0,0,0.000000,0.000000,0.000000,18527.000000
633,552513.000000,645264.969984,0.000000,1,0,0,0,0.000000,0.000000,0.000000,76216.000000,1,1,0,596351.000000,603359.000000,0.000000,35358.000000,3,1,0,526958.000000,568001.000000,0.000000,98111.000000,7,1,0,443450.000000,469890.000000,0.000000,86768.000000,1,1,0,373437.000000,380445.000000,0.000000,43383.000000,0,0,0,0.000000,0.000000,0.000000,68655.000000,8,0,0,0.000000,0.000000,0.000000,80385.000000,5,0,0,0.000000,0.000000,0.000000,24668.000000,8,0,0,0.000000,0.000000,0.000000,25094.000000,2,0,0,0.000000,0.000000,0.000000,13875.000000
634,667524.000000,645300.078864,0.000000,1,1,1,0,672567.000000,679575.000000,0.000000,99169.000000,7,1,0,559821.000000,580406.000000,0.000000,89672.000000,8,1,0,473404.000000,490734.000000,0.000000,113699.000000,5,0,0,0.000000,0.000000,0.000000,94630.000000,1,1,0,275397.000000,282405.000000,0.000000,41995.000000,0,0,0,0.000000,0.000000,0.000000,50199.000000,7,0,0,0.000000,0.000000,0.000000,63271.000000,0,0,0,0.000000,0.000000,0.000000,52330.000000,1,0,0,0.000000,0.000000,0.000000,40223.000000,5,0,0,0.000000,0.000000,0.000000,22336.000000
635,607455.000000,645240.480315,0.000000,1,7,1,0,658990.000000,679575.000000,0.000000,107831.000000,8,1,0,554414.000000,571744.000000,0.000000,60142.000000,1,1,0,504594.000000,511602.000000,0.000000,116228.000000,9,1,0,356323.000000,395374.000000,0.000000,101409.000000,0,0,0,0.000000,0.000000,0.000000,89638.000000,9,0,0,0.000000,0.000000,0.000000,48301.000000,8,0,0,0.000000,0.000000,0.000000,34345.000000,0,0,0,0.000000,0.000000,0.000000,33657.000000,2,0,0,0.000000,0.000000,0.000000,15904.000000,6,0,0,0.000000,0.000000,0.000000,0.000000
636,668385.000000,645276.871069,0.000000,1,6,1,0,656706.000000,679575.000000,0.000000,113496.000000,9,1,0,530192.000000,566079.000000,0.000000,84028.000000,0,0,0,0.000000,0.000000,0.000000,38693.000000,10,1,0,381877.000000,443358.000000,0.000000,158155.000000,10,0,0,0.000000,0.000000,0.000000,103463.000000,7,0,0,0.000000,0.000000,0.000000,86422.000000,7,0,0,0.000000,0.000000,0.000000,34897.000000,4,0,0,0.000000,0.000000,0.000000,34301.000000,5,0,0,0.000000,0.000000,0.000000,6673.000000,1,0,0,0.000000,0.000000,0.000000,8257.000000
637,596212.000000,645199.846154,0.000000,1,4,1,0,661662.000000,679575.000000,0.000000,47901.000000,1,1,0,624666.000000,631674.000000,0.000000,73846.000000,8,1,0,539728.000000,557828.000000,0.000000,88136.000000,3,1,0,420308.000000,469692.000000,0.000000,45690.000000,0,0,0,0.000000,0.000000,0.000000,88489.000000,8,1,0,308898.000000,315958.000000,0.000000,100264.000000,0,0,0,0.000000,0.000000,0.000000,53335.000000,5,0,0,0.000000,0.000000,0.000000,67258.000000,0,0,0,0.000000,0.000000,0.000000,21024.000000,7,0,0,0.000000,0.000000,0.000000,10269.000000
638,670205.000000,645239.039185,0.000000,1,4,1,0,661662.000000,679575.000000,0.000000,95916.000000,6,1,0,560790.000000,583659.000000,0.000000,129518.000000,6,1,0,431272.000000,454141.000000,0.000000,140408.000000,1,0,0,0.000000,0.000000,0.000000,66214.000000,10,0,0,0.000000,0.000000,0.000000,68233.000000,0,0,0,0.000000,0.000000,0.000000,82931.000000,3,0,0,0.000000,0.000000,0.000000,34985.000000,5,0,0,0.000000,0.000000,0.000000,25246.000000,5,0,0,0.000000,0.000000,0.000000,17672.000000,0,0,0,0.000000,0.000000,0.000000,9082.000000
639,667319.000000,645273.593114,0.000000,1,2,1,0,620604.000000,679575.000000,0.000000,106171.000000,8,1,0,556074.000000,573404.000000,0.000000,111464.000000,0,0,0,0.000000,0.000000,0.000000,84720.000000,4,1,0,353587.000000,377220.000000,0.000000,85350.000000,0,0,0,0.000000,0.000000,0.000000,88874.000000,4,0,0,0.000000,0.000000,0.000000,77648.000000,0,0,0,0.000000,0.000000,0.000000,55940.000000,0,0,0,0.000000,0.000000,0.000000,13985.000000,6,0,0,0.000000,0.000000,0.000000,31096.000000,3,0,0,0.000000,0.000000,0.000000,12071.000000
640,646292.000000,645275.184375,0.000000,1,2,1,0,620604.000000,679575.000000,0.000000,80275.000000,8,1,0,581970.000000,599300.000000,0.000000,89930.000000,5,1,0,470891.000000,509370.000000,0.000000,82014.000000,4,1,0,409443.000000,427356.000000,0.000000,142872.000000,0,0,0,0.000000,0.000000,0.000000,108056.000000,5,0,0,0.000000,0.000000,0.000000,28837.000000,2,0,0,0.000000,0.000000,0.000000,27776.000000,0,0,0,0.000000,0.000000,0.000000,29248.000000,3,0,0,0.000000,0.000000,0.000000,27845.000000,4,0,0,0.000000,0.000000,0.000000,29439.000000
641,620363.000000,645236.319813,0.000000,1,7,1,0,658990.000000,679575.000000,0.000000,62558.000000,4,1,0,599104.000000,617017.000000,0.000000,113925.000000,7,1,0,479441.000000,503092.000000,0.000000,113995.000000,5,0,0,0.000000,0.000000,0.000000,46380.000000,6,0,0,0.000000,0.000000,0.000000,77467.000000,2,0,0,0.000000,0.000000,0.000000,63483.000000,6,0,0,0.000000,0.000000,0.000000,49957.000000,10,0,0,0.000000,0.000000,0.000000,33956.000000,2,0,0,0.000000,0.000000,0.000000,30621.000000,5,0,0,0.000000,0.000000,0.000000,28021.000000
642,632718.000000,645216.820872,0.000000,1,0,0,0,0.000000,0.000000,0.000000,90027.000000,5,1,0,553279.000000,589548.000000,0.000000,124708.000000,5,1,0,426361.000000,464840.000000,0.000000,66554.000000,2,0,0,0.000000,0.000000,0.000000,120485.000000,1,1,0,270793.000000,277801.000000,0.000000,71415.000000,0,0,0,0.000000,0.000000,0.000000,43669.000000,8,0,0,0.000000,0.000000,0.000000,40266.000000,1,1,0,108417.000000,115425.000000,0.000000,36373.000000,6,0,0,0.000000,0.000000,0.000000,21692.000000,0,0,0,0.000000,0.000000,0.000000,17529.000000
643,651204.000000,645226.132193,0.000000,1,6,1,0,656706.000000,679575.000000,0.000000,84715.000000,3,1,0,558541.000000,594860.000000,0.000000,80533.000000,1,1,0,507319.000000,514327.000000,0.000000,73764.000000,5,1,0,403189.000000,440563.000000,0.000000,95344.000000,7,1,0,322624.000000,343495.000000,0.000000,60759.000000,2,0,0,0.000000,0.000000,0.000000,94800.000000,5,0,0,0.000000,0.000000,0.000000,71485.000000,4,0,0,0.000000,0.000000,0.000000,53125.000000,1,0,0,0.000000,0.000000,0.000000,17678.000000,5,0,0,0.000000,0.000000,0.000000,19001.000000
644,660384.000000,645249.669255,0.000000,1,7,1,0,658990.000000,679575.000000,0.000000,92835.000000,0,0,0,0.000000,0.000000,0.000000,143665.000000,5,1,0,404596.000000,443075.000000,0.000000,76827.000000,2,0,0,0.000000,0.000000,0.000000,77598.000000,1,1,0,281642.000000,288650.000000,0.000000,65327.000000,5,0,0,0.000000,0.000000,0.000000,54110.000000,3,0,0,0.000000,0.000000,0.000000,71248.000000,5,0,0,0.000000,0.000000,0.000000,34789.000000,7,0,0,0.000000,0.000000,0.000000,17922.000000,4,0,0,0.000000,0.000000,0.000000,26063.000000
645,633391.000000,645231.283721,0.000000,1,3,1,0,643256.000000,679575.000000,0.000000,103173.000000,3,1,0,536540.000000,576402.000000,0.000000,61531.000000,9,1,0,477426.000000,514871.000000,0.000000,92694.000000,0,0,0,0.000000,0.000000,0.000000,74131.000000,0,0,0,0.000000,0.000000,0.000000,44673.000000,10,0,0,0.000000,0.000000,0.000000,71690.000000,0,0,0,0.000000,0.000000,0.000000,75112.000000,4,0,0,0.000000,0.000000,0.000000,67270.000000,0,0,0,0.000000,0.000000,0.000000,5700.000000,8,0,0,0.000000,0.000000,0.000000,37417.000000
646,670085.000000,645269.756966,0.000000,1,8,1,0,662245.000000,679575.000000,0.000000,91123.000000,7,1,0,567867.000000,588452.000000,0.000000,77126.000000,9,1,0,481479.000000,511326.000000,0.000000,95360.000000,0,0,0,0.000000,0.000000,0.000000,113067.000000,5,1,0,264420.000000,297257.000000,0.000000,128401.000000,8,0,0,0.000000,0.000000,0.000000,34678.000000,4,0,0,0.000000,0.000000,0.000000,82555.000000,1,0,0,0.000000,0.000000,0.000000,10722.000000,8,0,0,0.000000,0.000000,0.000000,31881.000000,5,0,0,0.000000,0.000000,0.000000,5172.000000
647,636918.000000,645256.848532,0.000000,1,3,1,0,643256.000000,679575.000000,0.000000,134593.000000,0,0,0,0.000000,0.000000,0.000000,36629.000000,2,1,0,449382.000000,508353.000000,0.000000,88415.000000,9,1,0,386244.000000,419938.000000,0.000000,84100.000000,0,0,0,0.000000,0.000000,0.000000,51156.000000,7,1,0,262564.000000,279384.000000,0.000000,40975.000000,5,0,0,0.000000,0.000000,0.000000,56368.000000,2,0,0,0.000000,0.000000,0.000000,40795.000000,3,0,0,0.000000,0.000000,0.000000,53782.000000,5,0,0,0.000000,0.000000,0.000000,50105.000000
648,658543.000000,645277.351852,0.000000,1,0,0,0,0.000000,0.000000,0.000000,100424.000000,0,0,0,0.000000,0.000000,0.000000,117535.000000,6,1,0,438747.000000,461616.000000,0.000000,109021.000000,7,0,0,0.000000,0.000000,0.000000,65040.000000,0,0,0,0.000000,0.000000,0.000000,102192.000000,0,0,0,0.000000,0.000000,0.000000,61388.000000,1,0,0,0.000000,0.000000,0.000000,39950.000000,0,0,0,0.000000,0.000000,0.000000,39117.000000,5,0,0,0.000000,0.000000,0.000000,14851.000000,2,0,0,0.000000,0.000000,0.000000,9025.000000
649,614884.000000,645230.520801,0.000000,1,3,1,0,643256.000000,679575.000000,0.000000,95571.000000,3,1,0,547685.000000,584004.000000,0.000000,102437.000000,0,0,0,0.000000,0.000000,0.000000,57931.000000,0,0,0,0.000000,0.000000,0.000000,75498.000000,5,0,0,0.000000,0.000000,0.000000,55977.000000,7,0,0,0.000000,0.000000,0.000000,59257.000000,10,0,0,0.000000,0.000000,0.000000,63970.000000,2,0,0,0.000000,0.000000,0.000000,51095.000000,6,0,0,0.000000,0.000000,0.000000,26725.000000,3,0,0,0.000000,0.000000,0.000000,26423.000000
650,671426.000000,645270.821538,0.000000,1,6,1,0,656706.000000,679575.000000,0.000000,152297.000000,3,1,0,481452.000000,527278.000000,0.000000,89043.000000,0,0,0,0.000000,0.000000,0.000000,53526.000000,2,0,0,0.000000,0.000000,0.000000,84181.000000,5,0,0,0.000000,0.000000,0.000000,100352.000000,1,1,0,187814.000000,194822.000000,0.000000,56693.000000,3,0,0,0.000000,0.000000,0.000000,44610.000000,2,0,0,0.000000,0.000000,0.000000,42759.000000,9,0,0,0.000000,0.000000,0.000000,34580.000000,7,0,0,0.000000,0.000000,0.000000,13385.000000
651,656787.000000,645288.511521,0.000000,1,7,1,0,658990.000000,679575.000000,0.000000,128848.000000,10,1,0,499486.000000,550727.000000,0.000000,145959.000000,0,0,0,0.000000,0.000000,0.000000,34608.000000,3,0,0,0.000000,0.000000,0.000000,87492.000000,6,0,0,0.000000,0.000000,0.000000,57293.000000,3,0,0,0.000000,0.000000,0.000000,96479.000000,10,0,0,0.000000,0.000000,0.000000,32632.000000,0,0,0,0.000000,0.000000,0.000000,53538.000000,7,0,0,0.000000,0.000000,0.000000,12891.000000,4,0,0,0.000000,0.000000,0.000000,7047.000000
652,669961.000000,645326.352761,0.000000,1,9,1,0,650483.000000,679575.000000,0.000000,138293.000000,6,1,0,518413.000000,541282.000000,0.000000,181142.000000,0,0,0,0.000000,0.000000,0.000000,108627.000000,0,0,0,0.000000,0.000000,0.000000,45515.000000,6,0,0,0.000000,0.000000,0.000000,64999.000000,5,0,0,0.000000,0.000000,0.000000,38164.000000,1,0,0,0.000000,0.000000,0.000000,37568.000000,1,0,0,0.000000,0.000000,0.000000,22533.000000,5,0,0,0.000000,0.000000,0.000000,22594.000000,0,0,0,0.000000,0.000000,0.000000,10526.000000
653,663681.000000,645354.460949,0.000000,1,0,0,0,0.000000,0.000000,0.000000,73295.000000,3,1,0,569961.000000,606280.000000,0.000000,111620.000000,9,1,0,465143.000000,494660.000000,0.000000,104969.000000,6,1,0,357462.000000,389691.000000,0.000000,92251.000000,1,1,0,290432.000000,297440.000000,0.000000,77019.000000,0,0,0,0.000000,0.000000,0.000000,60802.000000,8,0,0,0.000000,0.000000,0.000000,36102.000000,2,0,0,0.000000,0.000000,0.000000,47260.000000,3,0,0,0.000000,0.000000,0.000000,37557.000000,6,0,0,0.000000,0.000000,0.000000,22806.000000
654,667947.000000,645389.006116,0.000000,1,10,1,0,628334.000000,679575.000000,0.000000,141050.000000,2,1,0,470778.000000,538525.000000,0.000000,128684.000000,6,1,0,373828.000000,409841.000000,0.000000,72415.000000,0,0,0,0.000000,0.000000,0.000000,105969.000000,0,0,0,0.000000,0.000000,0.000000,70428.000000,9,0,0,0.000000,0.000000,0.000000,50553.000000,3,0,0,0.000000,0.000000,0.000000,53836.000000,8,0,0,0.000000,0.000000,0.000000,13270.000000,6,0,0,0.000000,0.000000,0.000000,23965.000000,2,0,0,0.000000,0.000000,0.000000,7777.000000
655,674277.000000,645433.109924,0.000000,1,8,1,0,662245.000000,679575.000000,0.000000,72521.000000,4,1,0,589141.000000,607054.000000,0.000000,86112.000000,6,1,0,498073.000000,520942.000000,0.000000,97242.000000,1,1,0,416692.000000,423700.000000,0.000000,97121.000000,0,0,0,0.000000,0.000000,0.000000,99121.000000,4,0,0,0.000000,0.000000,0.000000,92056.000000,4,0,0,0.000000,0.000000,0.000000,56970.000000,9,0,0,0.000000,0.000000,0.000000,41879.000000,6,0,0,0.000000,0.000000,0.000000,22135.000000,1,0,0,0.000000,0.000000,0.000000,9120.000000
656,664693.000000,645462.469512,0.000000,1,3,1,0,643256.000000,679575.000000,0.000000,128496.000000,0,0,0,0.000000,0.000000,0.000000,135848.000000,2,0,0,0.000000,0.000000,0.000000,56601.000000,9,0,0,0.000000,0.000000,0.000000,113632.000000,0,0,0,0.000000,0.000000,0.000000,62335.000000,3,0,0,0.000000,0.000000,0.000000,61450.000000,7,0,0,0.000000,0.000000,0.000000,91013.000000,1,0,0,0.000000,0.000000,0.000000,10477.000000,0,0,0,0.000000,0.000000,0.000000,4841.000000,0,0,0,0.000000,0.000000,0.000000,0.000000
657,635932.000000,645447.963470,0.000000,1,10,1,0,628334.000000,679575.000000,0.000000,133486.000000,7,1,0,525504.000000,546089.000000,0.000000,80479.000000,9,0,0,0.000000,0.000000,0.000000,125379.000000,5,0,0,0.000000,0.000000,0.000000,79526.000000,5,0,0,0.000000,0.000000,0.000000,38973.000000,9,0,0,0.000000,0.000000,0.000000,80744.000000,6,0,0,0.000000,0.000000,0.000000,25008.000000,1,0,0,0.000000,0.000000,0.000000,23948.000000,10,0,0,0.000000,0.000000,0.000000,10363.000000,0,0,0,0.000000,0.000000,0.000000,38026.000000
658,619760.000000,645408.924012,0.000000,1,3,1,0,643256.000000,679575.000000,0.000000,95032.000000,0,0,0,0.000000,0.000000,0.000000,95545.000000,10,1,0,434880.000000,488998.000000,0.000000,143676.000000,6,0,0,0.000000,0.000000,0.000000,74970.000000,2,0,0,0.000000,0.000000,0.000000,53949.000000,8,0,0,0.000000,0.000000,0.000000,72841.000000,9,0,0,0.000000,0.000000,0.000000,40325.000000,7,0,0,0.000000,0.000000,0.000000,23051.000000,9,0,0,0.000000,0.000000,0.000000,8049.000000,8,0,0,0.000000,0.000000,0.000000,12322.000000
659,638569.000000,645398.544765,0.000000,1,1,1,0,672567.000000,679575.000000,0.000000,77964.000000,5,1,0,565342.000000,601611.000000,0.000000,90969.000000,7,1,0,490057.000000,510642.000000,0.000000,61848.000000,0,0,0,0.000000,0.000000,0.000000,47387.000000,9,1,0,369765.000000,401407.000000,0.000000,83536.000000,3,0,0,0.000000,0.000000,0.000000,124421.000000,5,0,0,0.000000,0.000000,0.000000,39916.000000,4,0,0,0.000000,0.000000,0.000000,60602.000000,0,0,0,0.000000,0.000000,0.000000,25844.000000,10,0,0,0.000000,0.000000,0.000000,26082.000000
660,673349.000000,645440.893939,0.000000,1,10,1,0,628334.000000,679575.000000,0.000000,121255.000000,0,0,0,0.000000,0.000000,0.000000,77262.000000,0,0,0,0.000000,0.000000,0.000000,142089.000000,9,1,0,302303.000000,338969.000000,0.000000,82188.000000,7,0,0,0.000000,0.000000,0.000000,85348.000000,7,0,0,0.000000,0.000000,0.000000,58685.000000,0,0,0,0.000000,0.000000,0.000000,36691.000000,0,0,0,0.000000,0.000000,0.000000,35161.000000,9,0,0,0.000000,0.000000,0.000000,18316.000000,6,0,0,0.000000,0.000000,0.000000,16354.000000
661,662881.000000,645467.278366,0.000000,1,8,1,0,662245.000000,679575.000000,0.000000,164864.000000,2,1,0,455740.000000,514711.000000,0.000000,99263.000000,8,1,0,398118.000000,415448.000000,0.000000,134684.000000,4,0,0,0.000000,0.000000,0.000000,54287.000000,8,0,0,0.000000,0.000000,0.000000,42037.000000,3,0,0,0.000000,0.000000,0.000000,62052.000000,2,0,0,0.000000,0.000000,0.000000,31212.000000,7,0,0,0.000000,0.000000,0.000000,34608.000000,3,0,0,0.000000,0.000000,0.000000,21245.000000,7,0,0,0.000000,0.000000,0.000000,18629.000000
662,669663.000000,645503.827795,0.000000,1,2,1,0,620604.000000,679575.000000,0.000000,88511.000000,3,1,0,554745.000000,591064.000000,0.000000,134207.000000,2,0,0,0.000000,0.000000,0.000000,98000.000000,9,0,0,0.000000,0.000000,0.000000,55079.000000,0,0,0,0.000000,0.000000,0.000000,85846.000000,8,0,0,0.000000,0.000000,0.000000,118025.000000,7,0,0,0.000000,0.000000,0.000000,48453.000000,1,0,0,0.000000,0.000000,0.000000,22759.000000,0,0,0,0.000000,0.000000,0.000000,13531.000000,1,0,0,0.000000,0.000000,0.000000,5252.000000
663,674202.000000,645547.113122,0.000000,1,0,0,0,0.000000,0.000000,0.000000,117225.000000,2,1,0,503379.000000,562350.000000,0.000000,55489.000000,2,1,0,447890.000000,506861.000000,0.000000,132430.000000,8,0,0,0.000000,0.000000,0.000000,60618.000000,4,1,0,295900.000000,313813.000000,0.000000,67997.000000,9,0,0,0.000000,0.000000,0.000000,71938.000000,8,0,0,0.000000,0.000000,0.000000,64816.000000,0,0,0,0.000000,0.000000,0.000000,62690.000000,6,0,0,0.000000,0.000000,0.000000,29543.000000,3,0,0,0.000000,0.000000,0.000000,11456.000000
664,658137.000000,645566.073795,0.000000,1,5,1,0,643306.000000,679575.000000,0.000000,105431.000000,4,1,0,556231.000000,574144.000000,0.000000,66821.000000,2,1,0,448352.000000,507323.000000,0.000000,90486.000000,0,0,0,0.000000,0.000000,0.000000,98162.000000,5,0,0,0.000000,0.000000,0.000000,90620.000000,0,0,0,0.000000,0.000000,0.000000,68843.000000,4,0,0,0.000000,0.000000,0.000000,40610.000000,0,0,0,0.000000,0.000000,0.000000,31333.000000,6,0,0,0.000000,0.000000,0.000000,26346.000000,3,0,0,0.000000,0.000000,0.000000,39485.000000
665,633803.000000,645548.384962,0.000000,1,3,1,0,643256.000000,679575.000000,0.000000,78729.000000,4,1,0,582933.000000,600846.000000,0.000000,103304.000000,0,0,0,0.000000,0.000000,0.000000,161266.000000,8,1,0,315087.000000,336276.000000,0.000000,64462.000000,9,0,0,0.000000,0.000000,0.000000,76885.000000,8,0,0,0.000000,0.000000,0.000000,57563.000000,3,0,0,0.000000,0.000000,0.000000,28880.000000,10,0,0,0.000000,0.000000,0.000000,10470.000000,7,0,0,0.000000,0.000000,0.000000,38597.000000,5,0,0,0.000000,0.000000,0.000000,13647.000000
666,604002.000000,645486.003003,0.000000,1,6,1,0,656706.000000,679575.000000,0.000000,84006.000000,2,1,0,536598.000000,595569.000000,0.000000,41263.000000,9,1,0,525214.000000,554306.000000,0.000000,123341.000000,10,1,0,372458.000000,430965.000000,0.000000,96446.000000,1,1,0,316285.000000,326572.000000,0.000000,93638.000000,2,0,0,0.000000,0.000000,0.000000,64394.000000,7,0,0,0.000000,0.000000,0.000000,42981.000000,2,0,0,0.000000,0.000000,0.000000,38112.000000,3,0,0,0.000000,0.000000,0.000000,5888.000000,8,0,0,0.000000,0.000000,0.000000,13933.000000
667,631515.000000,645465.056972,0.000000,1,7,1,0,658990.000000,679575.000000,0.000000,67205.000000,5,1,0,576101.000000,612370.000000,0.000000,89699.000000,5,1,0,485297.000000,522671.000000,0.000000,106692.000000,2,0,0,0.000000,0.000000,0.000000,92357.000000,0,0,0,0.000000,0.000000,0.000000,81369.000000,0,0,0,0.000000,0.000000,0.000000,80551.000000,0,0,0,0.000000,0.000000,0.000000,35796.000000,0,0,0,0.000000,0.000000,0.000000,36054.000000,1,0,0,0.000000,0.000000,0.000000,29228.000000,3,0,0,0.000000,0.000000,0.000000,12564.000000
668,672079.000000,645504.898204,0.000000,1,5,1,0,643306.000000,679575.000000,0.000000,89679.000000,4,1,0,571983.000000,589896.000000,0.000000,115488.000000,6,1,0,451539.000000,474408.000000,0.000000,120825.000000,0,0,0,0.000000,0.000000,0.000000,75832.000000,7,0,0,0.000000,0.000000,0.000000,51869.000000,0,0,0,0.000000,0.000000,0.000000,84186.000000,9,0,0,0.000000,0.000000,0.000000,84573.000000,1,0,0,0.000000,0.000000,0.000000,17044.000000,7,0,0,0.000000,0.000000,0.000000,13181.000000,1,0,0,0.000000,0.000000,0.000000,19402.000000
669,655001.000000,645519.092676,0.000000,1,0,0,0,0.000000,0.000000,0.000000,114279.000000,9,1,0,535779.000000,565296.000000,0.000000,76256.000000,9,1,0,455439.000000,489040.000000,0.000000,139860.000000,7,0,0,0.000000,0.000000,0.000000,68925.000000,0,0,0,0.000000,0.000000,0.000000,96746.000000,0,0,0,0.000000,0.000000,0.000000,50508.000000,0,0,0,0.000000,0.000000,0.000000,53924.000000,0,0,0,0.000000,0.000000,0.000000,36281.000000,0,0,0,0.000000,0.000000,0.000000,4328.000000,1,0,0,0.000000,0.000000,0.000000,13894.000000
670,613889.000000,645471.883582,0.000000,1,0,0,0,0.000000,0.000000,0.000000,129167.000000,1,1,0,543400.000000,550408.000000,0.000000,71391.000000,1,1,0,472009.000000,479017.000000,0.000000,59783.000000,3,0,0,0.000000,0.000000,0.000000,68708.000000,0,0,0,0.000000,0.000000,0.000000,73383.000000,1,1,1,268330.000000,261525.000000,18557.000000,52145.000000,0,0,0,0.000000,0.000000,0.000000,33723.000000,1,1,1,149766.000000,138833.000000,19879.000000,45713.000000,1,0,0,0.000000,0.000000,0.000000,27411.000000,4,0,0,0.000000,0.000000,0.000000,14029.000000
671,657519.000000,645489.837556,0.000000,1,3,1,0,643256.000000,679575.000000,0.000000,71033.000000,0,0,0,0.000000,0.000000,0.000000,107717.000000,0,0,0,0.000000,0.000000,0.000000,112568.000000,2,1,0,311039.000000,388257.000000,0.000000,103069.000000,3,0,0,0.000000,0.000000,0.000000,57012.000000,7,0,0,0.000000,0.000000,0.000000,89009.000000,9,0,0,0.000000,0.000000,0.000000,61682.000000,3,0,0,0.000000,0.000000,0.000000,32921.000000,7,0,0,0.000000,0.000000,0.000000,20030.000000,0,0,0,0.000000,0.000000,0.000000,2478.000000
672,654795.000000,645503.684524,0.000000,1,2,1,0,620604.000000,679575.000000,0.000000,121078.000000,0,0,0,0.000000,0.000000,0.000000,122050.000000,2,1,0,373020.000000,436447.000000,0.000000,63297.000000,8,1,0,355050.000000,373150.000000,0.000000,102571.000000,7,1,0,248461.000000,270579.000000,0.000000,68883.000000,4,0,0,0.000000,0.000000,0.000000,38342.000000,1,0,0,0.000000,0.000000,0.000000,53001.000000,8,0,0,0.000000,0.000000,0.000000,60886.000000,4,0,0,0.000000,0.000000,0.000000,11108.000000,6,0,0,0.000000,0.000000,0.000000,13579.000000
673,657163.000000,645521.008915,0.000000,1,3,1,0,643256.000000,679575.000000,0.000000,97301.000000,3,1,0,545955.000000,582274.000000,0.000000,32799.000000,1,1,0,542467.000000,549475.000000,0.000000,101176.000000,10,1,0,397058.000000,448299.000000,0.000000,69783.000000,0,0,0,0.000000,0.000000,0.000000,104288.000000,8,1,0,251508.000000,262376.000000,0.000000,60672.000000,6,0,0,0.000000,0.000000,0.000000,54188.000000,6,0,0,0.000000,0.000000,0.000000,68926.000000,3,0,0,0.000000,0.000000,0.000000,48775.000000,7,0,0,0.000000,0.000000,0.000000,19255.000000
674,647973.000000,645524.646884,0.000000,1,8,1,0,662245.000000,679575.000000,0.000000,181298.000000,2,1,0,439306.000000,498277.000000,0.000000,93455.000000,0,0,0,0.000000,0.000000,0.000000,46309.000000,3,0,0,0.000000,0.000000,0.000000,58274.000000,6,0,0,0.000000,0.000000,0.000000,112629.000000,2,0,0,0.000000,0.000000,0.000000,34956.000000,8,0,0,0.000000,0.000000,0.000000,56670.000000,10,0,0,0.000000,0.000000,0.000000,23128.000000,8,0,0,0.000000,0.000000,0.000000,25012.000000,2,0,0,0.000000,0.000000,0.000000,16242.000000
675,663432.000000,645551.176296,0.000000,1,9,1,0,650483.000000,679575.000000,0.000000,123632.000000,2,1,0,494744.000000,555943.000000,0.000000,117904.000000,2,1,0,369348.000000,438039.000000,0.000000,64286.000000,0,0,0,0.000000,0.000000,0.000000,53408.000000,9,0,0,0.000000,0.000000,0.000000,76115.000000,5,0,0,0.000000,0.000000,0.000000,65257.000000,2,0,0,0.000000,0.000000,0.000000,31425.000000,7,0,0,0.000000,0.000000,0.000000,51306.000000,7,0,0,0.000000,0.000000,0.000000,63065.000000,1,0,0,0.000000,0.000000,0.000000,17034.000000
676,609641.000000,645498.054734,0.000000,1,2,1,0,620604.000000,679575.000000,0.000000,101276.000000,6,1,0,555430.000000,578299.000000,0.000000,67086.000000,0,0,0,0.000000,0.000000,0.000000,112441.000000,6,0,0,0.000000,0.000000,0.000000,128321.000000,5,0,0,0.000000,0.000000,0.000000,87539.000000,2,0,0,0.000000,0.000000,0.000000,34046.000000,2,0,0,0.000000,0.000000,0.000000,25342.000000,0,0,0,0.000000,0.000000,0.000000,22296.000000,7,0,0,0.000000,0.000000,0.000000,14118.000000,0,0,0,0.000000,0.000000,0.000000,17176.000000
677,574511.000000,645393.199409,0.000000,1,10,1,0,628334.000000,679575.000000,0.000000,123593.000000,5,1,0,519713.000000,555982.000000,0.000000,52117.000000,2,1,0,438474.000000,503865.000000,0.000000,100149.000000,0,0,0,0.000000,0.000000,0.000000,79050.000000,5,0,0,0.000000,0.000000,0.000000,50154.000000,4,0,0,0.000000,0.000000,0.000000,36849.000000,7,0,0,0.000000,0.000000,0.000000,53091.000000,0,0,0,0.000000,0.000000,0.000000,34263.000000,4,0,0,0.000000,0.000000,0.000000,30271.000000,10,0,0,0.000000,0.000000,0.000000,14974.000000
678,652490.000000,645403.666667,0.000000,1,3,1,0,643256.000000,679575.000000,0.000000,69610.000000,8,1,0,592635.000000,609965.000000,0.000000,143159.000000,7,1,0,446221.000000,466806.000000,0.000000,98488.000000,1,1,0,361310.000000,368318.000000,0.000000,80227.000000,4,1,0,270178.000000,288091.000000,0.000000,58502.000000,4,0,0,0.000000,0.000000,0.000000,76971.000000,0,0,0,0.000000,0.000000,0.000000,38219.000000,0,0,0,0.000000,0.000000,0.000000,52657.000000,1,0,0,0.000000,0.000000,0.000000,28177.000000,5,0,0,0.000000,0.000000,0.000000,6480.000000
679,679575.000000,645453.992636,0.000000,1,6,1,0,656706.000000,679575.000000,0.000000,58255.000000,8,1,0,603990.000000,621320.000000,0.000000,59504.000000,9,1,0,532724.000000,561816.000000,0.000000,82826.000000,9,1,0,439184.000000,478990.000000,0.000000,75719.000000,5,1,0,367002.000000,403271.000000,0.000000,78890.000000,0,0,0,0.000000,0.000000,0.000000,89217.000000,4,0,0,0.000000,0.000000,0.000000,101187.000000,6,0,0,0.000000,0.000000,0.000000,57691.000000,10,0,0,0.000000,0.000000,0.000000,53384.000000,8,0,0,0.000000,0.000000,0.000000,22902.000000
680,633085.000000,645435.802941,0.000000,1,10,1,0,628334.000000,679575.000000,0.000000,112750.000000,8,1,0,549495.000000,566825.000000,0.000000,95789.000000,2,0,0,0.000000,0.000000,0.000000,101164.000000,4,0,0,0.000000,0.000000,0.000000,46687.000000,1,0,0,0.000000,0.000000,0.000000,93084.000000,0,0,0,0.000000,0.000000,0.000000,26334.000000,1,0,0,0.000000,0.000000,0.000000,68257.000000,6,0,0,0.000000,0.000000,0.000000,51684.000000,4,0,0,0.000000,0.000000,0.000000,22797.000000,0,0,0,0.000000,0.000000,0.000000,14539.000000
681,659885.000000,645457.020558,0.000000,1,7,1,0,658990.000000,679575.000000,0.000000,115175.000000,1,1,0,557392.000000,564400.000000,0.000000,94186.000000,2,1,0,400594.000000,470214.000000,0.000000,98819.000000,10,0,0,0.000000,0.000000,0.000000,99674.000000,8,0,0,0.000000,0.000000,0.000000,97808.000000,2,0,0,0.000000,0.000000,0.000000,67767.000000,7,0,0,0.000000,0.000000,0.000000,53758.000000,7,0,0,0.000000,0.000000,0.000000,13441.000000,0,0,0,0.000000,0.000000,0.000000,19257.000000,1,0,0,0.000000,0.000000,0.000000,0.000000
682,615484.000000,645413.071848,0.000000,1,9,1,0,650483.000000,679575.000000,0.000000,101153.000000,1,1,0,571414.000000,578422.000000,0.000000,68624.000000,0,0,0,0.000000,0.000000,0.000000,114893.000000,10,0,0,0.000000,0.000000,0.000000,49725.000000,0,0,0,0.000000,0.000000,0.000000,93088.000000,5,0,0,0.000000,0.000000,0.000000,36534.000000,9,0,0,0.000000,0.000000,0.000000,41180.000000,2,0,0,0.000000,0.000000,0.000000,46963.000000,9,0,0,0.000000,0.000000,0.000000,44279.000000,9,0,0,0.000000,0.000000,0.000000,19045.000000
683,637442.000000,645401.401171,0.000000,1,0,0,0,0.000000,0.000000,0.000000,47926.000000,0,0,0,0.000000,0.000000,0.000000,82125.000000,8,1,0,530654.000000,549524.000000,0.000000,104022.000000,6,0,0,0.000000,0.000000,0.000000,91393.000000,0,0,0,0.000000,0.000000,0.000000,76685.000000,3,0,0,0.000000,0.000000,0.000000,52777.000000,3,0,0,0.000000,0.000000,0.000000,36516.000000,9,0,0,0.000000,0.000000,0.000000,96303.000000,6,0,0,0.000000,0.000000,0.000000,37320.000000,1,0,0,0.000000,0.000000,0.000000,12375.000000
684,600522.000000,645335.788012,0.000000,1,5,1,0,643306.000000,679575.000000,0.000000,121822.000000,3,0,0,0.000000,0.000000,0.000000,65397.000000,0,0,0,0.000000,0.000000,0.000000,93674.000000,0,0,0,0.000000,0.000000,0.000000,51275.000000,6,0,0,0.000000,0.000000,0.000000,66164.000000,0,0,0,0.000000,0.000000,0.000000,51226.000000,0,0,0,0.000000,0.000000,0.000000,67726.000000,1,0,0,0.000000,0.000000,0.000000,24694.000000,10,0,0,0.000000,0.000000,0.000000,42830.000000,9,0,0,0.000000,0.000000,0.000000,15714.000000
685,653885.000000,645348.268613,0.000000,1,3,1,0,643256.000000,679575.000000,0.000000,102995.000000,1,1,0,569572.000000,576580.000000,0.000000,76473.000000,0,0,0,0.000000,0.000000,0.000000,91543.000000,3,0,0,0.000000,0.000000,0.000000,78604.000000,0,0,0,0.000000,0.000000,0.000000,84183.000000,10,0,0,0.000000,0.000000,0.000000,72429.000000,8,0,0,0.000000,0.000000,0.000000,107495.000000,2,0,0,0.000000,0.000000,0.000000,25131.000000,1,0,0,0.000000,0.000000,0.000000,10238.000000,4,0,0,0.000000,0.000000,0.000000,4794.000000
686,633304.000000,645330.711370,0.000000,1,2,1,0,620604.000000,679575.000000,0.000000,73425.000000,9,1,0,577058.000000,606150.000000,0.000000,70664.000000,6,1,0,512617.000000,535486.000000,0.000000,36986.000000,7,1,0,475238.000000,495823.000000,0.000000,104608.000000,10,0,0,0.000000,0.000000,0.000000,117783.000000,3,0,0,0.000000,0.000000,0.000000,27238.000000,2,0,0,0.000000,0.000000,0.000000,80292.000000,9,0,0,0.000000,0.000000,0.000000,51980.000000,5,0,0,0.000000,0.000000,0.000000,27825.000000,0,0,0,0.000000,0.000000,0.000000,42503.000000
687,663855.000000,645357.675400,0.000000,1,4,1,0,661662.000000,679575.000000,0.000000,74407.000000,5,1,0,568899.000000,605168.000000,0.000000,92202.000000,2,1,0,452711.000000,512966.000000,0.000000,53987.000000,2,1,0,383422.000000,458979.000000,0.000000,64532.000000,0,0,0,0.000000,0.000000,0.000000,70910.000000,4,1,0,304456.000000,313237.000000,0.000000,50350.000000,5,0,0,0.000000,0.000000,0.000000,97791.000000,1,1,1,145829.000000,145196.000000,19879.000000,29909.000000,0,0,0,0.000000,0.000000,0.000000,53103.000000,3,0,0,0.000000,0.000000,0.000000,56785.000000
688,605233.000000,645299.354651,0.000000,1,6,1,0,656706.000000,679575.000000,0.000000,40851.000000,4,1,0,620811.000000,638724.000000,0.000000,62683.000000,9,1,0,546949.000000,576041.000000,0.000000,100961.000000,10,1,0,423839.000000,475080.000000,0.000000,83891.000000,9,1,0,348854.000000,386816.000000,0.000000,93076.000000,7,1,0,270717.000000,284466.000000,0.000000,59805.000000,8,0,0,0.000000,0.000000,0.000000,44557.000000,10,0,0,0.000000,0.000000,0.000000,69423.000000,5,0,0,0.000000,0.000000,0.000000,29935.000000,0,0,0,0.000000,0.000000,0.000000,20051.000000
689,612357.000000,645251.542816,0.000000,1,10,1,0,628334.000000,679575.000000,0.000000,96667.000000,1,1,0,575900.000000,582908.000000,0.000000,72945.000000,6,1,0,487094.000000,509963.000000,0.000000,72698.000000,7,1,0,416680.000000,437265.000000,0.000000,52504.000000,9,1,0,338064.000000,384761.000000,0.000000,50720.000000,6,1,0,308832.000000,327722.000000,0.000000,119689.000000,2,0,0,0.000000,0.000000,0.000000,48324.000000,4,0,0,0.000000,0.000000,0.000000,30934.000000,7,0,0,0.000000,0.000000,0.000000,55537.000000,2,0,0,0.000000,0.000000,0.000000,12339.000000
690,649838.000000,645258.189855,0.000000,1,1,1,0,672567.000000,679575.000000,0.000000,87013.000000,2,1,0,533591.000000,592562.000000,0.000000,137966.000000,2,1,0,379172.000000,454596.000000,0.000000,115492.000000,2,0,0,0.000000,0.000000,0.000000,91249.000000,0,0,0,0.000000,0.000000,0.000000,53685.000000,7,0,0,0.000000,0.000000,0.000000,26406.000000,3,0,0,0.000000,0.000000,0.000000,45837.000000,10,0,0,0.000000,0.000000,0.000000,46403.000000,4,0,0,0.000000,0.000000,0.000000,16128.000000,6,0,0,0.000000,0.000000,0.000000,29659.000000
691,590209.000000,645178.523878,0.000000,1,5,1,0,643306.000000,679575.000000,0.000000,22589.000000,3,1,0,620667.000000,656986.000000,0.000000,48212.000000,0,0,0,0.000000,0.000000,0.000000,72173.000000,0,0,0,0.000000,0.000000,0.000000,117709.000000,6,1,0,396023.000000,415394.000000,0.000000,81522.000000,0,0,0,0.000000,0.000000,0.000000,32875.000000,8,1,0,263585.000000,276224.000000,0.000000,68994.000000,0,0,0,0.000000,0.000000,0.000000,45245.000000,7,0,0,0.000000,0.000000,0.000000,64020.000000,0,0,0,0.000000,0.000000,0.000000,36870.000000
692,639683.000000,645170.582370,0.000000,1,9,1,0,650483.000000,679575.000000,0.000000,104458.000000,2,1,0,516146.000000,575117.000000,0.000000,74663.000000,8,1,0,483124.000000,500454.000000,0.000000,82974.000000,3,1,0,375219.000000,417480.000000,0.000000,95668.000000,8,1,0,302942.000000,321812.000000,0.000000,75495.000000,4,0,0,0.000000,0.000000,0.000000,51958.000000,3,0,0,0.000000,0.000000,0.000000,32616.000000,6,0,0,0.000000,0.000000,0.000000,66394.000000,5,0,0,0.000000,0.000000,0.000000,33714.000000,0,0,0,0.000000,0.000000,0.000000,21743.000000
693,603145.000000,645109.939394,0.000000,1,9,1,0,650483.000000,679575.000000,0.000000,109033.000000,7,1,0,549957.000000,570542.000000,0.000000,118853.000000,0,0,0,0.000000,0.000000,0.000000,78762.000000,3,0,0,0.000000,0.000000,0.000000,72343.000000,9,0,0,0.000000,0.000000,0.000000,37575.000000,0,0,0,0.000000,0.000000,0.000000,54765.000000,10,0,0,0.000000,0.000000,0.000000,36836.000000,8,0,0,0.000000,0.000000,0.000000,32532.000000,7,0,0,0.000000,0.000000,0.000000,14506.000000,0,0,0,0.000000,0.000000,0.000000,47940.000000
694,650128.000000,645117.170029,0.000000,1,4,1,0,661662.000000,679575.000000,0.000000,124992.000000,9,1,0,525491.000000,554583.000000,0.000000,94093.000000,0,0,0,0.000000,0.000000,0.000000,137149.000000,5,0,0,0.000000,0.000000,0.000000,52291.000000,0,0,0,0.000000,0.000000,0.000000,79173.000000,1,1,0,184869.000000,191877.000000,0.000000,63565.000000,5,0,0,0.000000,0.000000,0.000000,40691.000000,10,0,0,0.000000,0.000000,0.000000,46527.000000,0,0,0,0.000000,0.000000,0.000000,11647.000000,10,0,0,0.000000,0.000000,0.000000,0.000000
695,660836.000000,645139.787050,0.000000,1,8,1,0,662245.000000,679575.000000,0.000000,105073.000000,2,1,0,515531.000000,574502.000000,0.000000,63627.000000,1,1,0,503867.000000,510875.000000,0.000000,78617.000000,9,1,0,399391.000000,432258.000000,0.000000,106123.000000,10,1,0,272017.000000,326135.000000,0.000000,105922.000000,9,0,0,0.000000,0.000000,0.000000,95228.000000,5,0,0,0.000000,0.000000,0.000000,53099.000000,9,0,0,0.000000,0.000000,0.000000,21108.000000,2,0,0,0.000000,0.000000,0.000000,24439.000000,5,0,0,0.000000,0.000000,0.000000,7600.000000
696,669120.000000,645174.241379,0.000000,1,0,0,0,0.000000,0.000000,0.000000,49821.000000,8,1,0,612424.000000,629754.000000,0.000000,158484.000000,8,0,0,0.000000,0.000000,0.000000,103024.000000,1,1,0,361238.000000,368246.000000,0.000000,91791.000000,0,0,0,0.000000,0.000000,0.000000,88875.000000,6,0,0,0.000000,0.000000,0.000000,53969.000000,10,0,0,0.000000,0.000000,0.000000,42017.000000,0,0,0,0.000000,0.000000,0.000000,43815.000000,10,0,0,0.000000,0.000000,0.000000,30057.000000,10,0,0,0.000000,0.000000,0.000000,7267.000000
697,676329.000000,645218.939742,0.000000,1,8,1,0,662245.000000,679575.000000,0.000000,105232.000000,8,1,0,557013.000000,574343.000000,0.000000,125403.000000,1,1,0,441932.000000,448940.000000,0.000000,99547.000000,0,0,0,0.000000,0.000000,0.000000,119669.000000,2,0,0,0.000000,0.000000,0.000000,72531.000000,1,1,0,148525.000000,157193.000000,0.000000,69207.000000,4,0,0,0.000000,0.000000,0.000000,50775.000000,5,0,0,0.000000,0.000000,0.000000,24420.000000,0,0,0,0.000000,0.000000,0.000000,8463.000000,0,0,0,0.000000,0.000000,0.000000,1082.000000
698,640148.000000,645211.674785,0.000000,1,1,1,0,672567.000000,679575.000000,0.000000,103815.000000,3,1,0,539441.000000,575760.000000,0.000000,90098.000000,5,1,0,449393.000000,485662.000000,0.000000,71808.000000,3,1,0,375225.000000,411033.000000,0.000000,116361.000000,8,0,0,0.000000,0.000000,0.000000,84650.000000,5,0,0,0.000000,0.000000,0.000000,58455.000000,3,0,0,0.000000,0.000000,0.000000,37457.000000,5,0,0,0.000000,0.000000,0.000000,37881.000000,8,0,0,0.000000,0.000000,0.000000,27970.000000,7,0,0,0.000000,0.000000,0.000000,11653.000000
699,661866.000000,645235.500715,0.000000,1,2,1,0,620604.000000,679575.000000,0.000000,136135.000000,7,1,0,519789.000000,543440.000000,0.000000,71581.000000,10,1,0,414864.000000,471859.000000,0.000000,101308.000000,3,0,0,0.000000,0.000000,0.000000,51651.000000,10,0,0,0.000000,0.000000,0.000000,90921.000000,4,0,0,0.000000,0.000000,0.000000,66012.000000,8,0,0,0.000000,0.000000,0.000000,27666.000000,10,0,0,0.000000,0.000000,0.000000,44693.000000,3,0,0,0.000000,0.000000,0.000000,40539.000000,6,0,0,0.000000,0.000000,0.000000,31360.000000
700,664375.000000,645262.842857,0.000000,1,0,0,0,0.000000,0.000000,0.000000,62811.000000,6,1,0,593895.000000,616764.000000,0.000000,97586.000000,4,1,0,501265.000000,519178.000000,0.000000,126237.000000,5,0,0,0.000000,0.000000,0.000000,101979.000000,3,0,0,0.000000,0.000000,0.000000,144252.000000,1,0,0,0.000000,0.000000,0.000000,37775.000000,8,0,0,0.000000,0.000000,0.000000,42000.000000,7,0,0,0.000000,0.000000,0.000000,27066.000000,7,0,0,0.000000,0.000000,0.000000,17348.000000,1,0,0,0.000000,0.000000,0.000000,7321.000000
701,672617.000000,645301.864479,0.000000,1,1,1,0,672567.000000,679575.000000,0.000000,129367.000000,3,1,0,513889.000000,550208.000000,0.000000,96676.000000,1,1,0,446524.000000,453532.000000,0.000000,150377.000000,3,0,0,0.000000,0.000000,0.000000,85136.000000,2,0,0,0.000000,0.000000,0.000000,83127.000000,2,0,0,0.000000,0.000000,0.000000,92908.000000,5,0,0,0.000000,0.000000,0.000000,10362.000000,4,0,0,0.000000,0.000000,0.000000,22676.000000,1,0,0,0.000000,0.000000,0.000000,994.000000,1,0,0,0.000000,0.000000,0.000000,994.000000
702,635910.000000,645288.485755,0.000000,1,3,1,0,643256.000000,679575.000000,0.000000,93149.000000,1,1,0,579418.000000,586426.000000,0.000000,157839.000000,10,0,0,0.000000,0.000000,0.000000,88163.000000,1,1,0,333416.000000,340424.000000,0.000000,39600.000000,0,0,0,0.000000,0.000000,0.000000,84422.000000,6,0,0,0.000000,0.000000,0.000000,57840.000000,5,0,0,0.000000,0.000000,0.000000,44411.000000,1,0,0,0.000000,0.000000,0.000000,13514.000000,2,0,0,0.000000,0.000000,0.000000,37714.000000,0,0,0,0.000000,0.000000,0.000000,19258.000000
703,659713.000000,645309.004267,0.000000,1,0,0,0,0.000000,0.000000,0.000000,87098.000000,7,1,0,570359.000000,592477.000000,0.000000,108511.000000,6,1,0,455247.000000,483966.000000,0.000000,180881.000000,1,1,0,296077.000000,303085.000000,0.000000,91670.000000,5,0,0,0.000000,0.000000,0.000000,64097.000000,1,0,0,0.000000,0.000000,0.000000,63672.000000,1,0,0,0.000000,0.000000,0.000000,20531.000000,10,0,0,0.000000,0.000000,0.000000,21296.000000,1,0,0,0.000000,0.000000,0.000000,18157.000000,5,0,0,0.000000,0.000000,0.000000,3800.000000
704,665470.000000,645337.642045,0.000000,1,9,1,0,650483.000000,679575.000000,0.000000,108980.000000,6,1,0,547726.000000,570595.000000,0.000000,128040.000000,8,0,0,0.000000,0.000000,0.000000,69806.000000,0,0,0,0.000000,0.000000,0.000000,53306.000000,8,0,0,0.000000,0.000000,0.000000,94031.000000,8,0,0,0.000000,0.000000,0.000000,75809.000000,8,0,0,0.000000,0.000000,0.000000,66446.000000,6,0,0,0.000000,0.000000,0.000000,37507.000000,6,0,0,0.000000,0.000000,0.000000,9917.000000,0,0,0,0.000000,0.000000,0.000000,21628.000000
705,657317.000000,645354.634043,0.000000,1,2,1,0,620604.000000,679575.000000,0.000000,89457.000000,0,0,0,0.000000,0.000000,0.000000,72530.000000,6,1,0,494719.000000,517588.000000,0.000000,78291.000000,7,1,0,416668.000000,439297.000000,0.000000,94188.000000,0,0,0,0.000000,0.000000,0.000000,70054.000000,5,0,0,0.000000,0.000000,0.000000,130558.000000,10,0,0,0.000000,0.000000,0.000000,67248.000000,0,0,0,0.000000,0.000000,0.000000,26379.000000,0,0,0,0.000000,0.000000,0.000000,22990.000000,0,0,0,0.000000,0.000000,0.000000,5622.000000
706,646779.000000,645356.651558,0.000000,1,5,1,0,643306.000000,679575.000000,0.000000,68197.000000,7,1,0,590793.000000,611378.000000,0.000000,25043.000000,5,1,0,550066.000000,586335.000000,0.000000,126353.000000,9,1,0,427490.000000,459982.000000,0.000000,117791.000000,5,0,0,0.000000,0.000000,0.000000,36372.000000,0,0,0,0.000000,0.000000,0.000000,107553.000000,0,0,0,0.000000,0.000000,0.000000,44491.000000,10,0,0,0.000000,0.000000,0.000000,85437.000000,3,0,0,0.000000,0.000000,0.000000,28395.000000,9,0,0,0.000000,0.000000,0.000000,7147.000000
707,645349.000000,645356.640736,0.000000,1,0,0,0,0.000000,0.000000,0.000000,81826.000000,6,1,0,574880.000000,597749.000000,0.000000,103124.000000,1,1,0,487617.000000,494625.000000,0.000000,55624.000000,5,1,0,381842.000000,439001.000000,0.000000,163783.000000,6,0,0,0.000000,0.000000,0.000000,56686.000000,2,0,0,0.000000,0.000000,0.000000,53685.000000,4,0,0,0.000000,0.000000,0.000000,41189.000000,2,0,0,0.000000,0.000000,0.000000,37484.000000,6,0,0,0.000000,0.000000,0.000000,28446.000000,4,0,0,0.000000,0.000000,0.000000,23502.000000
708,624825.000000,645327.641243,0.000000,1,7,1,0,658990.000000,679575.000000,0.000000,59782.000000,8,1,0,602463.000000,619793.000000,0.000000,107299.000000,5,1,0,470700.000000,512494.000000,0.000000,90399.000000,10,0,0,0.000000,0.000000,0.000000,67722.000000,5,0,0,0.000000,0.000000,0.000000,70226.000000,3,0,0,0.000000,0.000000,0.000000,64419.000000,9,0,0,0.000000,0.000000,0.000000,49805.000000,2,0,0,0.000000,0.000000,0.000000,69981.000000,9,0,0,0.000000,0.000000,0.000000,30600.000000,9,0,0,0.000000,0.000000,0.000000,14592.000000
709,679575.000000,645375.944993,0.000000,2,2,1,0,620604.000000,679575.000000,0.000000,88722.000000,5,1,0,554584.000000,590853.000000,0.000000,67277.000000,0,0,0,0.000000,0.000000,0.000000,141125.000000,6,1,0,354902.000000,382451.000000,0.000000,119733.000000,7,0,0,0.000000,0.000000,0.000000,93793.000000,9,0,0,0.000000,0.000000,0.000000,89776.000000,10,0,0,0.000000,0.000000,0.000000,53813.000000,1,0,0,0.000000,0.000000,0.000000,13086.000000,9,0,0,0.000000,0.000000,0.000000,12250.000000,0,0,0,0.000000,0.000000,0.000000,0.000000
710,646787.000000,645377.932394,0.000000,1,9,1,0,650483.000000,679575.000000,0.000000,122372.000000,5,1,0,504254.000000,557203.000000,0.000000,53955.000000,8,1,0,478952.000000,503248.000000,0.000000,68029.000000,10,0,0,0.000000,0.000000,0.000000,106839.000000,8,1,0,299497.000000,325559.000000,0.000000,62246.000000,6,0,0,0.000000,0.000000,0.000000,79750.000000,1,1,0,172604.000000,183563.000000,0.000000,55334.000000,7,0,0,0.000000,0.000000,0.000000,53432.000000,2,0,0,0.000000,0.000000,0.000000,33546.000000,9,0,0,0.000000,0.000000,0.000000,11284.000000
711,637373.000000,645366.673699,0.000000,1,5,1,0,643306.000000,679575.000000,0.000000,127184.000000,0,0,0,0.000000,0.000000,0.000000,96032.000000,9,1,0,418322.000000,456359.000000,0.000000,53628.000000,9,1,0,362569.000000,402731.000000,0.000000,82316.000000,3,0,0,0.000000,0.000000,0.000000,54023.000000,2,0,0,0.000000,0.000000,0.000000,75234.000000,8,0,0,0.000000,0.000000,0.000000,47942.000000,10,0,0,0.000000,0.000000,0.000000,72599.000000,1,0,0,0.000000,0.000000,0.000000,18517.000000,6,0,0,0.000000,0.000000,0.000000,9898.000000
712,660231.000000,645387.550562,0.000000,1,3,1,0,643256.000000,679575.000000,0.000000,92946.000000,0,0,0,0.000000,0.000000,0.000000,167926.000000,1,1,0,411695.000000,418703.000000,0.000000,79648.000000,10,0,0,0.000000,0.000000,0.000000,72100.000000,3,0,0,0.000000,0.000000,0.000000,47678.000000,0,0,0,0.000000,0.000000,0.000000,68329.000000,1,0,0,0.000000,0.000000,0.000000,37608.000000,10,0,0,0.000000,0.000000,0.000000,80069.000000,2,0,0,0.000000,0.000000,0.000000,8971.000000,5,0,0,0.000000,0.000000,0.000000,4956.000000
713,603808.000000,645329.234222,0.000000,1,3,1,0,643256.000000,679575.000000,0.000000,96668.000000,7,1,0,562322.000000,582907.000000,0.000000,75905.000000,4,1,0,489089.000000,507002.000000,0.000000,90421.000000,8,1,0,399251.000000,416581.000000,0.000000,86713.000000,7,1,0,309283.000000,329868.000000,0.000000,51133.000000,7,1,0,253068.000000,273653.000000,0.000000,35841.000000,10,0,0,0.000000,0.000000,0.000000,39829.000000,4,0,0,0.000000,0.000000,0.000000,71415.000000,5,0,0,0.000000,0.000000,0.000000,25005.000000,8,0,0,0.000000,0.000000,0.000000,30878.000000
714,678606.000000,645375.840336,0.000000,1,4,1,0,661662.000000,679575.000000,0.000000,133124.000000,0,0,0,0.000000,0.000000,0.000000,61501.000000,0,0,0,0.000000,0.000000,0.000000,74344.000000,7,1,0,381063.000000,408128.000000,0.000000,95579.000000,0,0,0,0.000000,0.000000,0.000000,85958.000000,7,0,0,0.000000,0.000000,0.000000,36415.000000,9,0,0,0.000000,0.000000,0.000000,73029.000000,8,0,0,0.000000,0.000000,0.000000,45111.000000,2,0,0,0.000000,0.000000,0.000000,41982.000000,6,0,0,0.000000,0.000000,0.000000,31563.000000
715,667937.000000,645407.394406,0.000000,1,7,1,0,658990.000000,679575.000000,0.000000,142262.000000,9,1,0,505201.000000,537313.000000,0.000000,101798.000000,0,0,0,0.000000,0.000000,0.000000,120043.000000,5,0,0,0.000000,0.000000,0.000000,70427.000000,5,0,0,0.000000,0.000000,0.000000,43664.000000,0,0,0,0.000000,0.000000,0.000000,63962.000000,8,0,0,0.000000,0.000000,0.000000,57201.000000,6,0,0,0.000000,0.000000,0.000000,28711.000000,3,0,0,0.000000,0.000000,0.000000,32819.000000,9,0,0,0.000000,0.000000,0.000000,7050.000000
716,640187.000000,645400.103352,0.000000,1,0,0,0,0.000000,0.000000,0.000000,106067.000000,10,1,0,522267.000000,573508.000000,0.000000,97261.000000,5,1,0,439978.000000,476247.000000,0.000000,103811.000000,5,1,0,336167.000000,372436.000000,0.000000,58573.000000,4,1,0,288652.000000,308565.000000,0.000000,79619.000000,0,0,0,0.000000,0.000000,0.000000,52136.000000,0,0,0,0.000000,0.000000,0.000000,68266.000000,7,0,0,0.000000,0.000000,0.000000,41486.000000,1,0,0,0.000000,0.000000,0.000000,14764.000000,4,0,0,0.000000,0.000000,0.000000,18204.000000
717,643889.000000,645397.995816,0.000000,1,1,1,0,672567.000000,679575.000000,0.000000,62509.000000,8,1,0,599736.000000,617066.000000,0.000000,82899.000000,3,1,0,494305.000000,534167.000000,0.000000,95263.000000,3,1,0,390738.000000,438904.000000,0.000000,64802.000000,8,1,0,345219.000000,371281.000000,0.000000,77751.000000,3,0,0,0.000000,0.000000,0.000000,67249.000000,5,0,0,0.000000,0.000000,0.000000,65124.000000,3,0,0,0.000000,0.000000,0.000000,27685.000000,10,0,0,0.000000,0.000000,0.000000,49222.000000,7,0,0,0.000000,0.000000,0.000000,51385.000000
718,662801.000000,645422.233983,0.000000,1,5,1,0,643306.000000,679575.000000,0.000000,124163.000000,0,0,0,0.000000,0.000000,0.000000,87632.000000,8,1,0,445060.000000,467780.000000,0.000000,75205.000000,2,0,0,0.000000,0.000000,0.000000,84494.000000,1,1,0,301073.000000,308081.000000,0.000000,91285.000000,0,0,0,0.000000,0.000000,0.000000,42761.000000,2,0,0,0.000000,0.000000,0.000000,53726.000000,1,1,0,109839.000000,116861.000000,0.000000,40502.000000,4,0,0,0.000000,0.000000,0.000000,34422.000000,8,0,0,0.000000,0.000000,0.000000,28611.000000
719,634124.000000,645406.520167,0.000000,1,4,1,0,661662.000000,679575.000000,0.000000,102941.000000,1,1,0,569626.000000,576634.000000,0.000000,59201.000000,1,1,0,510425.000000,517433.000000,0.000000,52166.000000,7,1,0,444682.000000,465267.000000,0.000000,94479.000000,3,0,0,0.000000,0.000000,0.000000,122534.000000,7,0,0,0.000000,0.000000,0.000000,89010.000000,1,0,0,0.000000,0.000000,0.000000,41006.000000,8,0,0,0.000000,0.000000,0.000000,36713.000000,2,0,0,0.000000,0.000000,0.000000,22279.000000,2,0,0,0.000000,0.000000,0.000000,13795.000000
720,661335.000000,645428.643056,0.000000,1,5,1,0,643306.000000,679575.000000,0.000000,75221.000000,0,0,0,0.000000,0.000000,0.000000,77253.000000,9,1,0,498009.000000,527101.000000,0.000000,123896.000000,0,0,0,0.000000,0.000000,0.000000,56589.000000,4,1,0,328703.000000,346616.000000,0.000000,81759.000000,10,0,0,0.000000,0.000000,0.000000,62504.000000,7,0,0,0.000000,0.000000,0.000000,65144.000000,0,0,0,0.000000,0.000000,0.000000,13067.000000,5,0,0,0.000000,0.000000,0.000000,94654.000000,1,0,0,0.000000,0.000000,0.000000,11248.000000
721,666457.000000,645457.808599,0.000000,1,4,1,0,661662.000000,679575.000000,0.000000,89685.000000,1,1,0,582882.000000,589890.000000,0.000000,82697.000000,6,1,0,484324.000000,507193.000000,0.000000,55625.000000,5,1,0,415299.000000,448747.000000,0.000000,93092.000000,7,1,0,337891.000000,358476.000000,0.000000,85506.000000,9,0,0,0.000000,0.000000,0.000000,84475.000000,0,0,0,0.000000,0.000000,0.000000,94286.000000,4,0,0,0.000000,0.000000,0.000000,45109.000000,1,0,0,0.000000,0.000000,0.000000,35982.000000,6,0,0,0.000000,0.000000,0.000000,0.000000
722,660932.000000,645479.240997,0.000000,1,5,1,0,643306.000000,679575.000000,0.000000,68197.000000,5,1,0,575109.000000,611378.000000,0.000000,58269.000000,9,1,0,524017.000000,553109.000000,0.000000,101286.000000,5,1,0,413344.000000,451823.000000,0.000000,62296.000000,1,1,0,382176.000000,389527.000000,0.000000,113388.000000,10,0,0,0.000000,0.000000,0.000000,75848.000000,4,0,0,0.000000,0.000000,0.000000,100953.000000,5,0,0,0.000000,0.000000,0.000000,54427.000000,9,0,0,0.000000,0.000000,0.000000,21869.000000,8,0,0,0.000000,0.000000,0.000000,4399.000000
723,679575.000000,645526.399723,0.000000,1,8,1,0,662245.000000,679575.000000,0.000000,86018.000000,10,1,0,542316.000000,593557.000000,0.000000,127248.000000,4,1,0,448396.000000,466309.000000,0.000000,175028.000000,0,0,0,0.000000,0.000000,0.000000,113091.000000,2,0,0,0.000000,0.000000,0.000000,72129.000000,0,0,0,0.000000,0.000000,0.000000,26686.000000,4,0,0,0.000000,0.000000,0.000000,24268.000000,6,0,0,0.000000,0.000000,0.000000,19425.000000,0,0,0,0.000000,0.000000,0.000000,16941.000000,0,0,0,0.000000,0.000000,0.000000,18741.000000
724,619653.000000,645490.662983,0.000000,1,9,1,0,650483.000000,679575.000000,0.000000,135631.000000,9,1,0,511452.000000,543944.000000,0.000000,117842.000000,5,1,0,389833.000000,426102.000000,0.000000,33452.000000,0,0,0,0.000000,0.000000,0.000000,66989.000000,5,1,0,285336.000000,320363.000000,0.000000,95727.000000,7,0,0,0.000000,0.000000,0.000000,73471.000000,5,0,0,0.000000,0.000000,0.000000,55614.000000,2,0,0,0.000000,0.000000,0.000000,22288.000000,10,0,0,0.000000,0.000000,0.000000,11494.000000,7,0,0,0.000000,0.000000,0.000000,7145.000000
725,627192.000000,645465.423448,0.000000,1,2,1,0,620604.000000,679575.000000,0.000000,74600.000000,2,1,0,546004.000000,604975.000000,0.000000,77789.000000,0,0,0,0.000000,0.000000,0.000000,68553.000000,7,1,0,438048.000000,458633.000000,0.000000,97405.000000,2,0,0,0.000000,0.000000,0.000000,66810.000000,4,0,0,0.000000,0.000000,0.000000,84080.000000,9,0,0,0.000000,0.000000,0.000000,42794.000000,4,0,0,0.000000,0.000000,0.000000,62181.000000,6,0,0,0.000000,0.000000,0.000000,34440.000000,3,0,0,0.000000,0.000000,0.000000,18540.000000
726,666894.000000,645494.939394,0.000000,1,10,1,0,628334.000000,679575.000000,0.000000,146855.000000,0,0,0,0.000000,0.000000,0.000000,91900.000000,3,1,0,404501.000000,440820.000000,0.000000,75917.000000,5,0,0,0.000000,0.000000,0.000000,106394.000000,6,0,0,0.000000,0.000000,0.000000,99806.000000,9,0,0,0.000000,0.000000,0.000000,51872.000000,2,0,0,0.000000,0.000000,0.000000,27923.000000,4,0,0,0.000000,0.000000,0.000000,39158.000000,2,0,0,0.000000,0.000000,0.000000,19441.000000,6,0,0,0.000000,0.000000,0.000000,7628.000000
727,618805.000000,645458.226960,0.000000,1,6,1,0,656706.000000,679575.000000,0.000000,110552.000000,3,1,0,532704.000000,569023.000000,0.000000,103722.000000,3,1,0,428982.000000,465301.000000,0.000000,134640.000000,5,0,0,0.000000,0.000000,0.000000,64968.000000,0,0,0,0.000000,0.000000,0.000000,69022.000000,0,0,0,0.000000,0.000000,0.000000,30253.000000,8,0,0,0.000000,0.000000,0.000000,44153.000000,4,0,0,0.000000,0.000000,0.000000,28678.000000,3,0,0,0.000000,0.000000,0.000000,18038.000000,10,0,0,0.000000,0.000000,0.000000,14779.000000
728,629296.000000,645436.026099,0.000000,1,7,1,0,658990.000000,679575.000000,0.000000,92108.000000,5,1,0,550184.000000,587467.000000,0.000000,87033.000000,6,1,0,469375.000000,500434.000000,0.000000,121887.000000,5,0,0,0.000000,0.000000,0.000000,86463.000000,7,0,0,0.000000,0.000000,0.000000,122837.000000,4,0,0,0.000000,0.000000,0.000000,8250.000000,4,0,0,0.000000,0.000000,0.000000,51798.000000,3,0,0,0.000000,0.000000,0.000000,18528.000000,2,0,0,0.000000,0.000000,0.000000,21673.000000,6,0,0,0.000000,0.000000,0.000000,18719.000000
729,640545.000000,645429.316872,0.000000,1,2,1,0,620604.000000,679575.000000,0.000000,120385.000000,0,0,0,0.000000,0.000000,0.000000,83361.000000,10,0,0,0.000000,0.000000,0.000000,120454.000000,5,0,0,0.000000,0.000000,0.000000,74099.000000,5,0,0,0.000000,0.000000,0.000000,63626.000000,3,0,0,0.000000,0.000000,0.000000,71209.000000,6,0,0,0.000000,0.000000,0.000000,38728.000000,10,0,0,0.000000,0.000000,0.000000,29659.000000,2,0,0,0.000000,0.000000,0.000000,24988.000000,3,0,0,0.000000,0.000000,0.000000,14036.000000
730,609289.000000,645379.809589,0.000000,1,0,0,0,0.000000,0.000000,0.000000,84045.000000,7,1,0,574945.000000,595530.000000,0.000000,139979.000000,0,0,0,0.000000,0.000000,0.000000,114530.000000,9,0,0,0.000000,0.000000,0.000000,68800.000000,0,0,0,0.000000,0.000000,0.000000,75660.000000,1,1,0,181592.000000,183464.000000,0.000000,26315.000000,1,1,1,146891.000000,146627.000000,17716.000000,30579.000000,0,0,0,0.000000,0.000000,0.000000,23628.000000,2,0,0,0.000000,0.000000,0.000000,12422.000000,2,0,0,0.000000,0.000000,0.000000,15615.000000
731,654462.000000,645392.233926,0.000000,1,5,1,0,643306.000000,679575.000000,0.000000,165091.000000,0,0,0,0.000000,0.000000,0.000000,56099.000000,0,0,0,0.000000,0.000000,0.000000,98026.000000,9,0,0,0.000000,0.000000,0.000000,89562.000000,9,0,0,0.000000,0.000000,0.000000,65932.000000,10,0,0,0.000000,0.000000,0.000000,42319.000000,2,0,0,0.000000,0.000000,0.000000,41605.000000,9,0,0,0.000000,0.000000,0.000000,66952.000000,4,0,0,0.000000,0.000000,0.000000,28876.000000,0,0,0,0.000000,0.000000,0.000000,0.000000
732,647793.000000,645395.513661,0.000000,1,9,1,0,650483.000000,679575.000000,0.000000,80063.000000,1,1,0,592504.000000,599512.000000,0.000000,66588.000000,9,1,0,503832.000000,532924.000000,0.000000,51324.000000,3,1,0,445281.000000,481600.000000,0.000000,73530.000000,9,1,0,369067.000000,408070.000000,0.000000,96636.000000,6,1,0,279180.000000,303487.000000,0.000000,102286.000000,1,1,0,199053.000000,209148.000000,0.000000,88205.000000,5,0,0,0.000000,0.000000,0.000000,50290.000000,5,0,0,0.000000,0.000000,0.000000,31415.000000,9,0,0,0.000000,0.000000,0.000000,7456.000000
733,626631.000000,645369.914052,0.000000,1,2,1,0,620604.000000,679575.000000,0.000000,79002.000000,2,1,0,540318.000000,600573.000000,0.000000,91053.000000,10,1,0,458279.000000,509520.000000,0.000000,95595.000000,9,1,0,377681.000000,413925.000000,0.000000,97568.000000,0,0,0,0.000000,0.000000,0.000000,73533.000000,2,0,0,0.000000,0.000000,0.000000,51649.000000,4,0,0,0.000000,0.000000,0.000000,46537.000000,10,0,0,0.000000,0.000000,0.000000,32866.000000,0,0,0,0.000000,0.000000,0.000000,34043.000000,9,0,0,0.000000,0.000000,0.000000,24785.000000
734,621970.000000,645338.034060,0.000000,1,1,1,0,672567.000000,679575.000000,0.000000,48008.000000,2,1,0,572596.000000,631567.000000,0.000000,85602.000000,4,1,0,528052.000000,545965.000000,0.000000,87498.000000,9,0,0,0.000000,0.000000,0.000000,85331.000000,0,0,0,0.000000,0.000000,0.000000,53676.000000,3,0,0,0.000000,0.000000,0.000000,55901.000000,3,0,0,0.000000,0.000000,0.000000,28994.000000,8,0,0,0.000000,0.000000,0.000000,74647.000000,8,0,0,0.000000,0.000000,0.000000,51769.000000,4,0,0,0.000000,0.000000,0.000000,50544.000000
735,672752.000000,645375.331973,0.000000,1,0,0,0,0.000000,0.000000,0.000000,94491.000000,1,1,0,578076.000000,585084.000000,0.000000,87054.000000,0,0,0,0.000000,0.000000,0.000000,66927.000000,2,1,0,372132.000000,431103.000000,0.000000,67275.000000,9,1,0,334311.000000,361253.000000,0.000000,87636.000000,0,0,0,0.000000,0.000000,0.000000,103296.000000,6,0,0,0.000000,0.000000,0.000000,40730.000000,5,0,0,0.000000,0.000000,0.000000,54243.000000,0,0,0,0.000000,0.000000,0.000000,64639.000000,3,0,0,0.000000,0.000000,0.000000,6461.000000
736,679575.000000,645421.798913,0.000000,2,10,1,0,628334.000000,679575.000000,0.000000,116735.000000,8,1,0,545510.000000,562840.000000,0.000000,144343.000000,0,0,0,0.000000,0.000000,0.000000,113262.000000,9,0,0,0.000000,0.000000,0.000000,113793.000000,7,0,0,0.000000,0.000000,0.000000,79622.000000,0,0,0,0.000000,0.000000,0.000000,50308.000000,2,0,0,0.000000,0.000000,0.000000,14051.000000,1,0,0,0.000000,0.000000,0.000000,44707.000000,7,0,0,0.000000,0.000000,0.000000,2754.000000,0,0,0,0.000000,0.000000,0.000000,0.000000
737,661267.000000,645443.298507,0.000000,1,2,1,0,620604.000000,679575.000000,0.000000,81066.000000,2,1,0,539538.000000,598509.000000,0.000000,134067.000000,10,0,0,0.000000,0.000000,0.000000,74667.000000,5,0,0,0.000000,0.000000,0.000000,62362.000000,0,0,0,0.000000,0.000000,0.000000,15143.000000,9,0,0,0.000000,0.000000,0.000000,59387.000000,5,0,0,0.000000,0.000000,0.000000,71041.000000,0,0,0,0.000000,0.000000,0.000000,42985.000000,7,0,0,0.000000,0.000000,0.000000,84801.000000,6,0,0,0.000000,0.000000,0.000000,35748.000000
738,639933.000000,645435.831978,0.000000,1,0,0,0,0.000000,0.000000,0.000000,161932.000000,0,0,0,0.000000,0.000000,0.000000,76125.000000,5,1,0,405249.000000,441518.000000,0.000000,110055.000000,1,1,0,324455.000000,331463.000000,0.000000,100023.000000,0,0,0,0.000000,0.000000,0.000000,70691.000000,2,0,0,0.000000,0.000000,0.000000,51115.000000,1,0,0,0.000000,0.000000,0.000000,34008.000000,2,0,0,0.000000,0.000000,0.000000,17246.000000,3,0,0,0.000000,0.000000,0.000000,7593.000000,7,0,0,0.000000,0.000000,0.000000,11145.000000
739,653340.000000,645446.527740,0.000000,1,9,1,0,650483.000000,679575.000000,0.000000,99809.000000,9,1,0,549164.000000,579766.000000,0.000000,99217.000000,3,1,0,440380.000000,480549.000000,0.000000,66829.000000,4,1,0,392091.000000,413720.000000,0.000000,78371.000000,4,0,0,0.000000,0.000000,0.000000,79859.000000,8,0,0,0.000000,0.000000,0.000000,63804.000000,9,0,0,0.000000,0.000000,0.000000,78352.000000,9,0,0,0.000000,0.000000,0.000000,13777.000000,4,0,0,0.000000,0.000000,0.000000,46946.000000,1,0,0,0.000000,0.000000,0.000000,26376.000000
740,662137.000000,645469.082432,0.000000,1,9,1,0,650483.000000,679575.000000,0.000000,75147.000000,4,1,0,586515.000000,604428.000000,0.000000,63330.000000,0,0,0,0.000000,0.000000,0.000000,142877.000000,5,0,0,0.000000,0.000000,0.000000,109156.000000,3,0,0,0.000000,0.000000,0.000000,75489.000000,9,0,0,0.000000,0.000000,0.000000,47110.000000,1,0,0,0.000000,0.000000,0.000000,64958.000000,4,0,0,0.000000,0.000000,0.000000,55438.000000,5,0,0,0.000000,0.000000,0.000000,15726.000000,0,0,0,0.000000,0.000000,0.000000,12906.000000
741,657720.000000,645485.615385,0.000000,1,8,1,0,662245.000000,679575.000000,0.000000,89154.000000,2,1,0,531450.000000,590421.000000,0.000000,78145.000000,9,1,0,483184.000000,512276.000000,0.000000,74395.000000,5,1,0,397192.000000,437881.000000,0.000000,73538.000000,5,1,0,319192.000000,361694.000000,0.000000,109555.000000,5,0,0,0.000000,0.000000,0.000000,89861.000000,7,0,0,0.000000,0.000000,0.000000,42538.000000,0,0,0,0.000000,0.000000,0.000000,53846.000000,3,0,0,0.000000,0.000000,0.000000,16935.000000,8,0,0,0.000000,0.000000,0.000000,29753.000000
742,596056.000000,645418.998652,0.000000,1,3,1,0,643256.000000,679575.000000,0.000000,72745.000000,0,0,0,0.000000,0.000000,0.000000,46751.000000,0,0,0,0.000000,0.000000,0.000000,49082.000000,0,0,0,0.000000,0.000000,0.000000,86181.000000,0,0,0,0.000000,0.000000,0.000000,96177.000000,1,1,0,317108.000000,321134.000000,0.000000,68766.000000,4,0,0,0.000000,0.000000,0.000000,78717.000000,0,0,0,0.000000,0.000000,0.000000,10416.000000,0,0,0,0.000000,0.000000,0.000000,42192.000000,1,0,0,0.000000,0.000000,0.000000,45029.000000
743,597116.000000,645353.987887,0.000000,1,0,0,0,0.000000,0.000000,0.000000,55802.000000,7,1,0,603188.000000,623773.000000,0.000000,71843.000000,6,1,0,529061.000000,551930.000000,0.000000,45002.000000,0,0,0,0.000000,0.000000,0.000000,59992.000000,5,0,0,0.000000,0.000000,0.000000,85877.000000,1,1,0,339029.000000,346037.000000,0.000000,81442.000000,3,0,0,0.000000,0.000000,0.000000,45287.000000,7,0,0,0.000000,0.000000,0.000000,38134.000000,9,0,0,0.000000,0.000000,0.000000,43758.000000,5,0,0,0.000000,0.000000,0.000000,69979.000000
744,667752.000000,645384.092742,0.000000,1,8,1,0,662245.000000,679575.000000,0.000000,108237.000000,1,1,0,564330.000000,571338.000000,0.000000,102598.000000,1,1,0,461732.000000,468740.000000,0.000000,133798.000000,10,0,0,0.000000,0.000000,0.000000,65074.000000,1,1,0,260459.000000,269868.000000,0.000000,109926.000000,7,0,0,0.000000,0.000000,0.000000,44228.000000,0,0,0,0.000000,0.000000,0.000000,37481.000000,0,0,0,0.000000,0.000000,0.000000,39578.000000,0,0,0,0.000000,0.000000,0.000000,8972.000000,0,0,0,0.000000,0.000000,0.000000,17860.000000
745,663029.000000,645407.777181,0.000000,1,2,1,0,620604.000000,679575.000000,0.000000,112247.000000,3,1,0,531009.000000,567328.000000,0.000000,79949.000000,3,1,0,451060.000000,487379.000000,0.000000,132127.000000,0,0,0,0.000000,0.000000,0.000000,54885.000000,6,0,0,0.000000,0.000000,0.000000,68835.000000,8,0,0,0.000000,0.000000,0.000000,70938.000000,10,0,0,0.000000,0.000000,0.000000,48771.000000,2,0,0,0.000000,0.000000,0.000000,43578.000000,2,0,0,0.000000,0.000000,0.000000,33483.000000,6,0,0,0.000000,0.000000,0.000000,18216.000000
746,633952.000000,645392.420912,0.000000,1,5,1,0,643306.000000,679575.000000,0.000000,95580.000000,9,1,0,554903.000000,583995.000000,0.000000,116746.000000,0,0,0,0.000000,0.000000,0.000000,54049.000000,0,0,0,0.000000,0.000000,0.000000,109911.000000,7,0,0,0.000000,0.000000,0.000000,62084.000000,9,0,0,0.000000,0.000000,0.000000,64794.000000,4,0,0,0.000000,0.000000,0.000000,57442.000000,4,0,0,0.000000,0.000000,0.000000,16686.000000,9,0,0,0.000000,0.000000,0.000000,28158.000000,10,0,0,0.000000,0.000000,0.000000,28502.000000
747,647225.000000,645394.874163,0.000000,1,10,1,0,628334.000000,679575.000000,0.000000,138936.000000,1,1,0,533547.000000,540639.000000,0.000000,87306.000000,10,1,0,394826.000000,453333.000000,0.000000,54145.000000,9,0,0,0.000000,0.000000,0.000000,83439.000000,9,0,0,0.000000,0.000000,0.000000,70951.000000,9,0,0,0.000000,0.000000,0.000000,81596.000000,9,0,0,0.000000,0.000000,0.000000,22882.000000,9,0,0,0.000000,0.000000,0.000000,70254.000000,0,0,0,0.000000,0.000000,0.000000,27899.000000,2,0,0,0.000000,0.000000,0.000000,9817.000000
748,648794.000000,645399.418449,0.000000,1,3,1,0,643256.000000,679575.000000,0.000000,107948.000000,3,1,0,531765.000000,571627.000000,0.000000,90370.000000,8,1,0,463927.000000,481257.000000,0.000000,125422.000000,2,0,0,0.000000,0.000000,0.000000,58898.000000,4,1,0,264729.000000,288906.000000,0.000000,49778.000000,4,0,0,0.000000,0.000000,0.000000,87852.000000,6,0,0,0.000000,0.000000,0.000000,47554.000000,6,0,0,0.000000,0.000000,0.000000,30212.000000,1,0,0,0.000000,0.000000,0.000000,31759.000000,2,0,0,0.000000,0.000000,0.000000,19001.000000
749,679575.000000,645445.046729,0.000000,2,4,1,0,661662.000000,679575.000000,0.000000,89996.000000,0,0,0,0.000000,0.000000,0.000000,105001.000000,3,1,0,431540.000000,484578.000000,0.000000,75790.000000,5,1,0,346894.000000,408788.000000,0.000000,90778.000000,7,0,0,0.000000,0.000000,0.000000,160416.000000,0,0,0,0.000000,0.000000,0.000000,66921.000000,8,0,0,0.000000,0.000000,0.000000,47774.000000,1,0,0,0.000000,0.000000,0.000000,17319.000000,7,0,0,0.000000,0.000000,0.000000,25580.000000,0,0,0,0.000000,0.000000,0.000000,0.000000
750,630609.000000,645425.265333,0.000000,1,10,1,0,628334.000000,679575.000000,0.000000,115673.000000,4,1,0,545989.000000,563902.000000,0.000000,137258.000000,0,0,0,0.000000,0.000000,0.000000,78186.000000,8,0,0,0.000000,0.000000,0.000000,81824.000000,5,0,0,0.000000,0.000000,0.000000,82969.000000,4,0,0,0.000000,0.000000,0.000000,31504.000000,2,0,0,0.000000,0.000000,0.000000,23913.000000,0,0,0,0.000000,0.000000,0.000000,26632.000000,8,0,0,0.000000,0.000000,0.000000,38708.000000,2,0,0,0.000000,0.000000,0.000000,13942.000000
751,631191.000000,645406.311585,0.000000,1,4,1,0,661662.000000,679575.000000,0.000000,93746.000000,6,1,0,562960.000000,585829.000000,0.000000,92028.000000,6,1,0,470932.000000,493801.000000,0.000000,93806.000000,4,1,0,382082.000000,399995.000000,0.000000,95425.000000,8,0,0,0.000000,0.000000,0.000000,92635.000000,1,1,0,203554.000000,211935.000000,0.000000,38765.000000,0,0,0,0.000000,0.000000,0.000000,26432.000000,3,0,0,0.000000,0.000000,0.000000,19460.000000,2,0,0,0.000000,0.000000,0.000000,38376.000000,4,0,0,0.000000,0.000000,0.000000,40518.000000
752,671628.000000,645441.180851,0.000000,1,5,1,0,643306.000000,679575.000000,0.000000,83762.000000,6,1,0,572944.000000,595813.000000,0.000000,140882.000000,9,0,0,0.000000,0.000000,0.000000,126620.000000,0,0,0,0.000000,0.000000,0.000000,92657.000000,6,0,0,0.000000,0.000000,0.000000,58516.000000,6,0,0,0.000000,0.000000,0.000000,42233.000000,5,0,0,0.000000,0.000000,0.000000,62876.000000,1,0,0,0.000000,0.000000,0.000000,24221.000000,9,0,0,0.000000,0.000000,0.000000,32565.000000,10,0,0,0.000000,0.000000,0.000000,7296.000000
753,674019.000000,645479.132802,0.000000,1,0,0,0,0.000000,0.000000,0.000000,134954.000000,0,0,0,0.000000,0.000000,0.000000,109011.000000,9,1,0,406518.000000,435610.000000,0.000000,103871.000000,9,1,0,300947.000000,331739.000000,0.000000,91719.000000,10,0,0,0.000000,0.000000,0.000000,64333.000000,1,0,0,0.000000,0.000000,0.000000,60401.000000,9,0,0,0.000000,0.000000,0.000000,45660.000000,8,0,0,0.000000,0.000000,0.000000,37517.000000,7,0,0,0.000000,0.000000,0.000000,22935.000000,3,0,0,0.000000,0.000000,0.000000,3618.000000
754,661194.000000,645499.974801,0.000000,1,6,1,0,656706.000000,679575.000000,0.000000,85669.000000,9,1,0,564814.000000,593906.000000,0.000000,90180.000000,5,1,0,467457.000000,503726.000000,0.000000,73038.000000,9,1,0,397797.000000,430688.000000,0.000000,117581.000000,5,0,0,0.000000,0.000000,0.000000,101665.000000,0,0,0,0.000000,0.000000,0.000000,61162.000000,1,1,0,139321.000000,142555.000000,0.000000,52027.000000,0,0,0,0.000000,0.000000,0.000000,37612.000000,3,0,0,0.000000,0.000000,0.000000,42260.000000,9,0,0,0.000000,0.000000,0.000000,0.000000
755,623703.000000,645471.104636,0.000000,1,7,1,0,658990.000000,679575.000000,0.000000,111075.000000,1,1,0,561492.000000,568500.000000,0.000000,72675.000000,7,1,0,475240.000000,495825.000000,0.000000,68993.000000,0,0,0,0.000000,0.000000,0.000000,103889.000000,0,0,0,0.000000,0.000000,0.000000,113461.000000,6,0,0,0.000000,0.000000,0.000000,34003.000000,5,0,0,0.000000,0.000000,0.000000,52566.000000,0,0,0,0.000000,0.000000,0.000000,20592.000000,1,0,0,0.000000,0.000000,0.000000,31816.000000,1,0,0,0.000000,0.000000,0.000000,14633.000000
756,594627.000000,645403.850529,0.000000,1,0,0,0,0.000000,0.000000,0.000000,57944.000000,9,1,0,592539.000000,621631.000000,0.000000,89169.000000,8,1,0,515132.000000,532462.000000,0.000000,140186.000000,1,1,0,385268.000000,392276.000000,0.000000,79537.000000,6,0,0,0.000000,0.000000,0.000000,68242.000000,3,0,0,0.000000,0.000000,0.000000,45592.000000,3,0,0,0.000000,0.000000,0.000000,47975.000000,2,0,0,0.000000,0.000000,0.000000,34259.000000,10,0,0,0.000000,0.000000,0.000000,20803.000000,10,0,0,0.000000,0.000000,0.000000,10920.000000
757,641685.000000,645398.937913,0.000000,1,7,1,0,658990.000000,679575.000000,0.000000,101270.000000,5,1,0,542036.000000,578305.000000,0.000000,123849.000000,4,1,0,432455.000000,454456.000000,0.000000,74714.000000,0,0,0,0.000000,0.000000,0.000000,46101.000000,0,0,0,0.000000,0.000000,0.000000,79627.000000,7,0,0,0.000000,0.000000,0.000000,39951.000000,0,0,0,0.000000,0.000000,0.000000,68727.000000,0,0,0,0.000000,0.000000,0.000000,25413.000000,2,0,0,0.000000,0.000000,0.000000,38749.000000,7,0,0,0.000000,0.000000,0.000000,43284.000000
758,631164.000000,645380.158311,0.000000,1,5,1,0,643306.000000,679575.000000,0.000000,157511.000000,0,0,0,0.000000,0.000000,0.000000,61508.000000,10,1,0,402049.000000,460556.000000,0.000000,114799.000000,7,1,0,324661.000000,345757.000000,0.000000,54747.000000,7,1,0,268578.000000,291010.000000,0.000000,64448.000000,3,0,0,0.000000,0.000000,0.000000,53815.000000,8,0,0,0.000000,0.000000,0.000000,65208.000000,0,0,0,0.000000,0.000000,0.000000,18713.000000,5,0,0,0.000000,0.000000,0.000000,26430.000000,0,0,0,0.000000,0.000000,0.000000,13985.000000
759,679575.000000,645425.210804,0.000000,1,8,1,0,662245.000000,679575.000000,0.000000,62126.000000,7,1,0,596864.000000,617449.000000,0.000000,78911.000000,9,1,0,509446.000000,538538.000000,0.000000,127152.000000,6,1,0,387347.000000,411386.000000,0.000000,126244.000000,10,0,0,0.000000,0.000000,0.000000,97915.000000,5,0,0,0.000000,0.000000,0.000000,58219.000000,4,0,0,0.000000,0.000000,0.000000,44014.000000,2,0,0,0.000000,0.000000,0.000000,64434.000000,10,0,0,0.000000,0.000000,0.000000,17739.000000,7,0,0,0.000000,0.000000,0.000000,2821.000000
760,637368.000000,645414.609211,0.000000,1,5,1,0,643306.000000,679575.000000,0.000000,91556.000000,9,1,0,558927.000000,588019.000000,0.000000,93341.000000,1,1,0,487670.000000,494678.000000,0.000000,99301.000000,1,1,0,388369.000000,395377.000000,0.000000,71085.000000,6,1,0,298216.000000,324292.000000,0.000000,77324.000000,9,0,0,0.000000,0.000000,0.000000,47566.000000,5,0,0,0.000000,0.000000,0.000000,70676.000000,4,0,0,0.000000,0.000000,0.000000,18996.000000,0,0,0,0.000000,0.000000,0.000000,28986.000000,0,0,0,0.000000,0.000000,0.000000,38537.000000
761,631094.000000,645395.791064,0.000000,1,0,0,0,0.000000,0.000000,0.000000,78225.000000,3,1,0,565031.000000,601350.000000,0.000000,100416.000000,6,1,0,478065.000000,500934.000000,0.000000,58702.000000,2,1,0,369938.000000,442232.000000,0.000000,72901.000000,10,1,0,310735.000000,361384.000000,0.000000,108310.000000,0,0,0,0.000000,0.000000,0.000000,92553.000000,10,0,0,0.000000,0.000000,0.000000,65776.000000,8,0,0,0.000000,0.000000,0.000000,9241.000000,7,0,0,0.000000,0.000000,0.000000,34400.000000,3,0,0,0.000000,0.000000,0.000000,10570.000000
762,623894.000000,645367.573491,0.000000,1,1,1,0,672567.000000,679575.000000,0.000000,107916.000000,8,1,0,554329.000000,571659.000000,0.000000,89062.000000,7,1,0,456902.000000,482597.000000,0.000000,105170.000000,1,1,0,370419.000000,377427.000000,0.000000,36149.000000,5,0,0,0.000000,0.000000,0.000000,51962.000000,5,0,0,0.000000,0.000000,0.000000,79979.000000,0,0,0,0.000000,0.000000,0.000000,38299.000000,10,0,0,0.000000,0.000000,0.000000,51975.000000,2,0,0,0.000000,0.000000,0.000000,38063.000000,4,0,0,0.000000,0.000000,0.000000,25319.000000
763,640101.000000,645360.671035,0.000000,1,0,0,0,0.000000,0.000000,0.000000,88920.000000,8,1,0,573325.000000,590655.000000,0.000000,73152.000000,5,1,0,480129.000000,517503.000000,0.000000,108088.000000,1,1,0,402407.000000,409415.000000,0.000000,77727.000000,0,0,0,0.000000,0.000000,0.000000,71396.000000,6,0,0,0.000000,0.000000,0.000000,61562.000000,0,0,0,0.000000,0.000000,0.000000,90302.000000,2,0,0,0.000000,0.000000,0.000000,30048.000000,3,0,0,0.000000,0.000000,0.000000,29142.000000,7,0,0,0.000000,0.000000,0.000000,9764.000000
764,651953.000000,645369.299738,0.000000,1,4,1,0,661662.000000,679575.000000,0.000000,99203.000000,0,0,0,0.000000,0.000000,0.000000,115324.000000,5,1,0,424723.000000,465048.000000,0.000000,117411.000000,8,0,0,0.000000,0.000000,0.000000,74054.000000,0,0,0,0.000000,0.000000,0.000000,60267.000000,0,0,0,0.000000,0.000000,0.000000,56647.000000,9,0,0,0.000000,0.000000,0.000000,80235.000000,9,0,0,0.000000,0.000000,0.000000,15278.000000,6,0,0,0.000000,0.000000,0.000000,13249.000000,1,0,0,0.000000,0.000000,0.000000,20285.000000
765,673083.000000,645405.526797,0.000000,1,2,1,0,620604.000000,679575.000000,0.000000,74934.000000,3,1,0,568322.000000,604641.000000,0.000000,128099.000000,0,0,0,0.000000,0.000000,0.000000,94347.000000,3,1,0,345876.000000,382195.000000,0.000000,99459.000000,6,0,0,0.000000,0.000000,0.000000,103531.000000,0,0,0,0.000000,0.000000,0.000000,79470.000000,10,0,0,0.000000,0.000000,0.000000,61919.000000,0,0,0,0.000000,0.000000,0.000000,9547.000000,7,0,0,0.000000,0.000000,0.000000,12407.000000,1,0,0,0.000000,0.000000,0.000000,9370.000000
766,642972.000000,645402.349869,0.000000,1,2,1,0,620604.000000,679575.000000,0.000000,80248.000000,2,1,0,540356.000000,599327.000000,0.000000,81201.000000,4,1,0,500213.000000,518126.000000,0.000000,124563.000000,1,1,0,386527.000000,393563.000000,0.000000,101055.000000,0,0,0,0.000000,0.000000,0.000000,83662.000000,10,0,0,0.000000,0.000000,0.000000,110701.000000,6,0,0,0.000000,0.000000,0.000000,40806.000000,3,0,0,0.000000,0.000000,0.000000,12135.000000,2,0,0,0.000000,0.000000,0.000000,1918.000000,5,0,0,0.000000,0.000000,0.000000,6683.000000
767,669156.000000,645433.319426,0.000000,1,0,0,0,0.000000,0.000000,0.000000,87710.000000,7,1,0,571280.000000,591865.000000,0.000000,49193.000000,2,1,0,481133.000000,542672.000000,0.000000,155648.000000,9,0,0,0.000000,0.000000,0.000000,104826.000000,9,0,0,0.000000,0.000000,0.000000,105205.000000,6,0,0,0.000000,0.000000,0.000000,62808.000000,1,0,0,0.000000,0.000000,0.000000,23776.000000,0,0,0,0.000000,0.000000,0.000000,34577.000000,5,0,0,0.000000,0.000000,0.000000,39889.000000,1,0,0,0.000000,0.000000,0.000000,5524.000000
768,672579.000000,645468.665365,0.000000,1,6,1,0,656706.000000,679575.000000,0.000000,126182.000000,8,1,0,536063.000000,553393.000000,0.000000,84549.000000,10,1,0,417603.000000,468844.000000,0.000000,89573.000000,6,1,0,356402.000000,379271.000000,0.000000,139887.000000,10,0,0,0.000000,0.000000,0.000000,63521.000000,10,0,0,0.000000,0.000000,0.000000,54870.000000,7,0,0,0.000000,0.000000,0.000000,61751.000000,10,0,0,0.000000,0.000000,0.000000,4759.000000,3,0,0,0.000000,0.000000,0.000000,35268.000000,4,0,0,0.000000,0.000000,0.000000,12219.000000
769,624115.000000,645440.897269,0.000000,1,8,1,0,662245.000000,679575.000000,0.000000,133085.000000,10,1,0,495249.000000,546490.000000,0.000000,75888.000000,0,0,0,0.000000,0.000000,0.000000,82686.000000,0,0,0,0.000000,0.000000,0.000000,28206.000000,2,0,0,0.000000,0.000000,0.000000,65866.000000,6,0,0,0.000000,0.000000,0.000000,49600.000000,1,1,0,212356.000000,219821.000000,0.000000,79924.000000,3,0,0,0.000000,0.000000,0.000000,46638.000000,0,0,0,0.000000,0.000000,0.000000,23690.000000,1,0,0,0.000000,0.000000,0.000000,38532.000000
770,615597.000000,645402.138961,0.000000,1,0,0,0,0.000000,0.000000,0.000000,89477.000000,0,0,0,0.000000,0.000000,0.000000,112824.000000,0,0,0,0.000000,0.000000,0.000000,113640.000000,5,0,0,0.000000,0.000000,0.000000,81775.000000,6,0,0,0.000000,0.000000,0.000000,71058.000000,8,0,0,0.000000,0.000000,0.000000,36753.000000,1,1,0,150030.000000,157122.000000,0.000000,57956.000000,0,0,0,0.000000,0.000000,0.000000,26319.000000,0,0,0,0.000000,0.000000,0.000000,8489.000000,10,0,0,0.000000,0.000000,0.000000,17306.000000
771,632825.000000,645385.826200,0.000000,1,2,1,0,620604.000000,679575.000000,0.000000,63858.000000,5,1,0,579448.000000,615717.000000,0.000000,70499.000000,1,1,0,538210.000000,545218.000000,0.000000,99549.000000,0,0,0,0.000000,0.000000,0.000000,39821.000000,5,1,0,362928.000000,403171.000000,0.000000,92578.000000,6,1,0,274917.000000,298733.000000,0.000000,80351.000000,3,0,0,0.000000,0.000000,0.000000,50033.000000,2,0,0,0.000000,0.000000,0.000000,82001.000000,6,0,0,0.000000,0.000000,0.000000,49669.000000,3,0,0,0.000000,0.000000,0.000000,4466.000000
772,628805.000000,645364.348446,0.000000,1,1,1,0,672567.000000,679575.000000,0.000000,69088.000000,0,0,0,0.000000,0.000000,0.000000,92535.000000,0,0,0,0.000000,0.000000,0.000000,62482.000000,0,0,0,0.000000,0.000000,0.000000,65557.000000,4,1,0,366088.000000,388089.000000,0.000000,77657.000000,5,0,0,0.000000,0.000000,0.000000,84109.000000,1,0,0,0.000000,0.000000,0.000000,46055.000000,9,0,0,0.000000,0.000000,0.000000,49771.000000,2,0,0,0.000000,0.000000,0.000000,56261.000000,8,0,0,0.000000,0.000000,0.000000,25290.000000
773,672551.000000,645399.518758,0.000000,1,0,0,0,0.000000,0.000000,0.000000,105186.000000,6,1,0,551520.000000,574389.000000,0.000000,75956.000000,2,1,0,431664.000000,498433.000000,0.000000,95675.000000,9,1,0,368732.000000,402758.000000,0.000000,102476.000000,10,0,0,0.000000,0.000000,0.000000,85789.000000,10,0,0,0.000000,0.000000,0.000000,53561.000000,2,0,0,0.000000,0.000000,0.000000,67140.000000,9,0,0,0.000000,0.000000,0.000000,37014.000000,8,0,0,0.000000,0.000000,0.000000,36992.000000,3,0,0,0.000000,0.000000,0.000000,12762.000000
774,670769.000000,645432.295866,0.000000,1,10,1,0,628334.000000,679575.000000,0.000000,101365.000000,7,1,0,557625.000000,578210.000000,0.000000,105248.000000,4,1,0,453549.000000,472962.000000,0.000000,112663.000000,8,1,0,339889.000000,360299.000000,0.000000,70601.000000,5,0,0,0.000000,0.000000,0.000000,114722.000000,6,0,0,0.000000,0.000000,0.000000,67639.000000,6,0,0,0.000000,0.000000,0.000000,36413.000000,9,0,0,0.000000,0.000000,0.000000,43219.000000,0,0,0,0.000000,0.000000,0.000000,14996.000000,1,0,0,0.000000,0.000000,0.000000,3903.000000
775,642660.000000,645428.718710,0.000000,1,0,0,0,0.000000,0.000000,0.000000,83611.000000,2,1,0,536993.000000,595964.000000,0.000000,71436.000000,3,1,0,488209.000000,524528.000000,0.000000,95225.000000,5,1,0,389789.000000,429303.000000,0.000000,73779.000000,3,0,0,0.000000,0.000000,0.000000,50875.000000,0,0,0,0.000000,0.000000,0.000000,91869.000000,8,0,0,0.000000,0.000000,0.000000,61664.000000,8,0,0,0.000000,0.000000,0.000000,75331.000000,2,0,0,0.000000,0.000000,0.000000,37876.000000,2,0,0,0.000000,0.000000,0.000000,994.000000
776,584549.000000,645350.265464,0.000000,1,8,1,0,662245.000000,679575.000000,0.000000,83582.000000,6,1,0,573124.000000,595993.000000,0.000000,87913.000000,9,1,0,478988.000000,508080.000000,0.000000,65841.000000,5,1,0,399340.000000,442239.000000,0.000000,94430.000000,9,1,0,300333.000000,347809.000000,0.000000,68582.000000,9,0,0,0.000000,0.000000,0.000000,48336.000000,3,0,0,0.000000,0.000000,0.000000,52201.000000,6,0,0,0.000000,0.000000,0.000000,29931.000000,6,0,0,0.000000,0.000000,0.000000,22415.000000,0,0,0,0.000000,0.000000,0.000000,31318.000000
777,591371.000000,645280.794080,0.000000,1,8,1,0,662245.000000,679575.000000,0.000000,108527.000000,0,0,0,0.000000,0.000000,0.000000,52366.000000,9,1,0,489590.000000,518682.000000,0.000000,67430.000000,7,1,0,422471.000000,448677.000000,0.000000,71469.000000,9,1,0,332283.000000,369483.000000,0.000000,88972.000000,8,1,0,264196.000000,272786.000000,0.000000,63747.000000,0,0,0,0.000000,0.000000,0.000000,49493.000000,8,0,0,0.000000,0.000000,0.000000,38940.000000,3,0,0,0.000000,0.000000,0.000000,44805.000000,8,0,0,0.000000,0.000000,0.000000,5622.000000
778,645242.000000,645280.744216,0.000000,1,1,1,0,672567.000000,679575.000000,0.000000,83545.000000,4,1,0,578117.000000,596030.000000,0.000000,59610.000000,0,0,0,0.000000,0.000000,0.000000,118952.000000,9,1,0,388376.000000,417468.000000,0.000000,36012.000000,6,0,0,0.000000,0.000000,0.000000,114142.000000,6,0,0,0.000000,0.000000,0.000000,38426.000000,4,0,0,0.000000,0.000000,0.000000,82415.000000,3,0,0,0.000000,0.000000,0.000000,39377.000000,6,0,0,0.000000,0.000000,0.000000,44730.000000,1,0,0,0.000000,0.000000,0.000000,28033.000000
779,628382.000000,645259.051348,0.000000,1,10,1,0,628334.000000,679575.000000,0.000000,139051.000000,0,0,0,0.000000,0.000000,0.000000,70236.000000,3,1,0,423340.000000,470288.000000,0.000000,51769.000000,7,1,0,391291.000000,418519.000000,0.000000,95766.000000,1,1,0,309417.000000,317111.000000,0.000000,48670.000000,9,0,0,0.000000,0.000000,0.000000,58100.000000,7,0,0,0.000000,0.000000,0.000000,40966.000000,0,0,0,0.000000,0.000000,0.000000,42838.000000,9,0,0,0.000000,0.000000,0.000000,48028.000000,7,0,0,0.000000,0.000000,0.000000,32958.000000
780,592918.000000,645191.947436,0.000000,1,8,1,0,662245.000000,679575.000000,0.000000,85678.000000,5,1,0,556523.000000,593897.000000,0.000000,138318.000000,10,1,0,397072.000000,455579.000000,0.000000,111454.000000,0,0,0,0.000000,0.000000,0.000000,44243.000000,1,1,0,286162.000000,297205.000000,0.000000,67413.000000,6,0,0,0.000000,0.000000,0.000000,38793.000000,0,0,0,0.000000,0.000000,0.000000,18641.000000,6,0,0,0.000000,0.000000,0.000000,32387.000000,0,0,0,0.000000,0.000000,0.000000,27851.000000,8,0,0,0.000000,0.000000,0.000000,28140.000000
781,643721.000000,645190.064020,0.000000,1,7,1,0,658990.000000,679575.000000,0.000000,63868.000000,8,1,0,598377.000000,615707.000000,0.000000,72116.000000,0,0,0,0.000000,0.000000,0.000000,60190.000000,3,1,0,447082.000000,483401.000000,0.000000,89943.000000,7,0,0,0.000000,0.000000,0.000000,100402.000000,2,0,0,0.000000,0.000000,0.000000,64318.000000,4,1,0,192082.000000,195455.000000,0.000000,83974.000000,2,0,0,0.000000,0.000000,0.000000,19612.000000,0,0,0,0.000000,0.000000,0.000000,25865.000000,9,0,0,0.000000,0.000000,0.000000,63433.000000
782,644557.000000,645189.254476,0.000000,1,6,1,0,656706.000000,679575.000000,0.000000,87353.000000,10,1,0,540981.000000,592222.000000,0.000000,60026.000000,2,1,0,464237.000000,532196.000000,0.000000,100784.000000,4,1,0,410411.000000,431412.000000,0.000000,99846.000000,9,0,0,0.000000,0.000000,0.000000,93961.000000,1,1,0,224833.000000,232353.000000,0.000000,57132.000000,9,0,0,0.000000,0.000000,0.000000,94808.000000,10,0,0,0.000000,0.000000,0.000000,18120.000000,7,0,0,0.000000,0.000000,0.000000,14131.000000,4,0,0,0.000000,0.000000,0.000000,18396.000000
783,603512.000000,645136.026820,0.000000,1,0,0,0,0.000000,0.000000,0.000000,47710.000000,0,0,0,0.000000,0.000000,0.000000,127817.000000,4,1,0,486135.000000,504048.000000,0.000000,73486.000000,5,1,0,383201.000000,430562.000000,0.000000,144698.000000,4,0,0,0.000000,0.000000,0.000000,54557.000000,3,0,0,0.000000,0.000000,0.000000,41844.000000,0,0,0,0.000000,0.000000,0.000000,40273.000000,10,0,0,0.000000,0.000000,0.000000,35639.000000,0,0,0,0.000000,0.000000,0.000000,12402.000000,3,0,0,0.000000,0.000000,0.000000,25086.000000
784,632705.000000,645120.170918,0.000000,1,6,1,0,656706.000000,679575.000000,0.000000,80962.000000,4,1,0,580700.000000,598613.000000,0.000000,100637.000000,2,1,0,433280.000000,497976.000000,0.000000,110461.000000,0,0,0,0.000000,0.000000,0.000000,83953.000000,9,0,0,0.000000,0.000000,0.000000,72179.000000,4,0,0,0.000000,0.000000,0.000000,63636.000000,0,0,0,0.000000,0.000000,0.000000,41054.000000,8,0,0,0.000000,0.000000,0.000000,41349.000000,7,0,0,0.000000,0.000000,0.000000,18720.000000,3,0,0,0.000000,0.000000,0.000000,19754.000000
785,599831.000000,645062.477707,0.000000,1,3,1,0,643256.000000,679575.000000,0.000000,62971.000000,1,1,0,609596.000000,616604.000000,0.000000,37772.000000,2,1,0,516009.000000,578832.000000,0.000000,90515.000000,4,1,0,469904.000000,488317.000000,0.000000,101522.000000,0,0,0,0.000000,0.000000,0.000000,51054.000000,8,1,0,299809.000000,305570.000000,0.000000,95835.000000,0,0,0,0.000000,0.000000,0.000000,59270.000000,10,0,0,0.000000,0.000000,0.000000,58097.000000,8,0,0,0.000000,0.000000,0.000000,30203.000000,2,0,0,0.000000,0.000000,0.000000,12592.000000
786,603461.000000,645009.549618,0.000000,1,0,0,0,0.000000,0.000000,0.000000,60785.000000,7,1,0,598205.000000,618790.000000,0.000000,64099.000000,0,0,0,0.000000,0.000000,0.000000,58481.000000,10,1,0,444969.000000,496210.000000,0.000000,80724.000000,4,1,0,397073.000000,411686.000000,0.000000,97459.000000,2,0,0,0.000000,0.000000,0.000000,80394.000000,2,0,0,0.000000,0.000000,0.000000,21861.000000,10,0,0,0.000000,0.000000,0.000000,61820.000000,8,0,0,0.000000,0.000000,0.000000,35122.000000,8,0,0,0.000000,0.000000,0.000000,42716.000000
787,635287.000000,644997.195680,0.000000,1,4,1,0,661662.000000,679575.000000,0.000000,116113.000000,1,1,0,556426.000000,563462.000000,0.000000,61528.000000,10,1,0,443427.000000,501934.000000,0.000000,64965.000000,10,0,0,0.000000,0.000000,0.000000,75170.000000,7,1,0,335082.000000,361799.000000,0.000000,74302.000000,0,0,0,0.000000,0.000000,0.000000,75005.000000,0,0,0,0.000000,0.000000,0.000000,49082.000000,3,0,0,0.000000,0.000000,0.000000,83229.000000,3,0,0,0.000000,0.000000,0.000000,23769.000000,4,0,0,0.000000,0.000000,0.000000,12124.000000
788,647361.000000,645000.195431,0.000000,1,3,1,0,643256.000000,679575.000000,0.000000,107018.000000,9,1,0,543465.000000,572557.000000,0.000000,153432.000000,3,1,0,382806.000000,419125.000000,0.000000,78308.000000,6,0,0,0.000000,0.000000,0.000000,55597.000000,9,0,0,0.000000,0.000000,0.000000,103535.000000,5,0,0,0.000000,0.000000,0.000000,29763.000000,9,0,0,0.000000,0.000000,0.000000,27033.000000,5,0,0,0.000000,0.000000,0.000000,52808.000000,7,0,0,0.000000,0.000000,0.000000,15998.000000,3,0,0,0.000000,0.000000,0.000000,23869.000000
789,640070.000000,644993.946768,0.000000,1,0,0,0,0.000000,0.000000,0.000000,111276.000000,6,1,0,545430.000000,568299.000000,0.000000,48363.000000,3,1,0,483617.000000,519936.000000,0.000000,41780.000000,6,1,0,455287.000000,478156.000000,0.000000,115045.000000,9,1,0,330619.000000,363111.000000,0.000000,53943.000000,0,0,0,0.000000,0.000000,0.000000,60230.000000,6,0,0,0.000000,0.000000,0.000000,63956.000000,4,0,0,0.000000,0.000000,0.000000,98011.000000,4,0,0,0.000000,0.000000,0.000000,25652.000000,7,0,0,0.000000,0.000000,0.000000,21814.000000
790,668764.000000,645024.035443,0.000000,1,0,0,0,0.000000,0.000000,0.000000,70737.000000,10,1,0,557597.000000,608838.000000,0.000000,73664.000000,0,0,0,0.000000,0.000000,0.000000,118617.000000,0,0,0,0.000000,0.000000,0.000000,91668.000000,0,0,0,0.000000,0.000000,0.000000,112729.000000,0,0,0,0.000000,0.000000,0.000000,94308.000000,0,0,0,0.000000,0.000000,0.000000,37053.000000,0,0,0,0.000000,0.000000,0.000000,41341.000000,0,0,0,0.000000,0.000000,0.000000,9645.000000,10,0,0,0.000000,0.000000,0.000000,19002.000000
791,679575.000000,645067.715550,0.000000,2,0,0,0,0.000000,0.000000,0.000000,120429.000000,0,0,0,0.000000,0.000000,0.000000,47876.000000,10,1,0,459070.000000,511270.000000,0.000000,141831.000000,7,1,0,343430.000000,369439.000000,0.000000,64524.000000,3,1,0,257893.000000,304915.000000,0.000000,77937.000000,1,0,0,0.000000,0.000000,0.000000,127283.000000,0,0,0,0.000000,0.000000,0.000000,62613.000000,10,0,0,0.000000,0.000000,0.000000,23372.000000,0,0,0,0.000000,0.000000,0.000000,13710.000000,0,0,0,0.000000,0.000000,0.000000,0.000000
792,660721.000000,645087.479798,0.000000,1,2,1,0,620604.000000,679575.000000,0.000000,79442.000000,0,0,0,0.000000,0.000000,0.000000,102940.000000,7,1,0,475586.000000,497193.000000,0.000000,55743.000000,8,1,0,421990.000000,441450.000000,0.000000,149870.000000,0,0,0,0.000000,0.000000,0.000000,56585.000000,5,0,0,0.000000,0.000000,0.000000,34551.000000,0,0,0,0.000000,0.000000,0.000000,65366.000000,1,0,0,0.000000,0.000000,0.000000,46719.000000,1,0,0,0.000000,0.000000,0.000000,37977.000000,1,0,0,0.000000,0.000000,0.000000,31528.000000
793,635770.000000,645075.730139,0.000000,1,0,0,0,0.000000,0.000000,0.000000,53304.000000,2,1,0,567300.000000,626271.000000,0.000000,154513.000000,5,1,0,435489.000000,471758.000000,0.000000,129597.000000,3,1,0,298682.000000,342161.000000,0.000000,64010.000000,0,0,0,0.000000,0.000000,0.000000,44777.000000,9,0,0,0.000000,0.000000,0.000000,67322.000000,0,0,0,0.000000,0.000000,0.000000,68629.000000,0,0,0,0.000000,0.000000,0.000000,13019.000000,2,0,0,0.000000,0.000000,0.000000,16823.000000,4,0,0,0.000000,0.000000,0.000000,23776.000000
794,673927.000000,645112.066751,0.000000,1,8,1,0,662245.000000,679575.000000,0.000000,62835.000000,4,1,0,598827.000000,616740.000000,0.000000,109961.000000,1,1,0,499771.000000,506779.000000,0.000000,114037.000000,1,1,0,385734.000000,392742.000000,0.000000,53916.000000,3,0,0,0.000000,0.000000,0.000000,86194.000000,3,0,0,0.000000,0.000000,0.000000,63773.000000,3,0,0,0.000000,0.000000,0.000000,53655.000000,5,0,0,0.000000,0.000000,0.000000,58961.000000,8,0,0,0.000000,0.000000,0.000000,38793.000000,3,0,0,0.000000,0.000000,0.000000,31802.000000
795,626266.000000,645088.361006,0.000000,1,6,1,0,656706.000000,679575.000000,0.000000,70606.000000,0,0,0,0.000000,0.000000,0.000000,90671.000000,6,1,0,495429.000000,518298.000000,0.000000,81219.000000,4,1,0,419166.000000,437079.000000,0.000000,84821.000000,8,1,0,334928.000000,352258.000000,0.000000,76739.000000,3,0,0,0.000000,0.000000,0.000000,69532.000000,7,0,0,0.000000,0.000000,0.000000,68526.000000,5,0,0,0.000000,0.000000,0.000000,28835.000000,4,0,0,0.000000,0.000000,0.000000,20844.000000,9,0,0,0.000000,0.000000,0.000000,34473.000000
796,646143.000000,645089.685930,0.000000,1,10,1,0,628334.000000,679575.000000,0.000000,87870.000000,5,1,0,555436.000000,591705.000000,0.000000,117992.000000,4,1,0,454048.000000,473713.000000,0.000000,82047.000000,5,1,0,351341.000000,389017.000000,0.000000,36916.000000,0,0,0,0.000000,0.000000,0.000000,89652.000000,7,0,0,0.000000,0.000000,0.000000,71860.000000,5,0,0,0.000000,0.000000,0.000000,68733.000000,1,0,0,0.000000,0.000000,0.000000,42760.000000,0,0,0,0.000000,0.000000,0.000000,20813.000000,0,0,0,0.000000,0.000000,0.000000,27500.000000
797,623335.000000,645062.390213,0.000000,1,0,0,0,0.000000,0.000000,0.000000,93815.000000,7,1,0,565175.000000,585760.000000,0.000000,100815.000000,9,1,0,455853.000000,484945.000000,0.000000,111807.000000,5,1,0,312370.000000,373138.000000,0.000000,100167.000000,10,0,0,0.000000,0.000000,0.000000,39880.000000,2,0,0,0.000000,0.000000,0.000000,61133.000000,10,0,0,0.000000,0.000000,0.000000,39226.000000,4,0,0,0.000000,0.000000,0.000000,53742.000000,9,0,0,0.000000,0.000000,0.000000,10556.000000,4,0,0,0.000000,0.000000,0.000000,12194.000000
798,673875.000000,645098.496241,0.000000,1,0,0,0,0.000000,0.000000,0.000000,51764.000000,4,1,0,609898.000000,627811.000000,0.000000,77973.000000,3,1,0,513519.000000,549838.000000,0.000000,148696.000000,6,1,0,368989.000000,401142.000000,0.000000,139662.000000,0,0,0,0.000000,0.000000,0.000000,64912.000000,10,0,0,0.000000,0.000000,0.000000,68295.000000,8,0,0,0.000000,0.000000,0.000000,56822.000000,9,0,0,0.000000,0.000000,0.000000,40251.000000,1,0,0,0.000000,0.000000,0.000000,23022.000000,6,0,0,0.000000,0.000000,0.000000,2478.000000
799,631050.000000,645080.913642,0.000000,1,7,1,0,658990.000000,679575.000000,0.000000,91691.000000,9,1,0,558792.000000,587884.000000,0.000000,70282.000000,7,1,0,497017.000000,517602.000000,0.000000,58339.000000,3,1,0,418324.000000,459263.000000,0.000000,92510.000000,0,0,0,0.000000,0.000000,0.000000,112463.000000,0,0,0,0.000000,0.000000,0.000000,61596.000000,3,0,0,0.000000,0.000000,0.000000,38409.000000,4,0,0,0.000000,0.000000,0.000000,28498.000000,5,0,0,0.000000,0.000000,0.000000,32610.000000,0,0,0,0.000000,0.000000,0.000000,44652.000000
800,637191.000000,645071.051250,0.000000,1,0,0,0,0.000000,0.000000,0.000000,70006.000000,6,1,0,586700.000000,609569.000000,0.000000,75907.000000,3,1,0,497343.000000,533662.000000,0.000000,116710.000000,6,1,0,391743.000000,416952.000000,0.000000,87615.000000,9,0,0,0.000000,0.000000,0.000000,95811.000000,1,1,0,223183.000000,230877.000000,0.000000,74550.000000,9,0,0,0.000000,0.000000,0.000000,65980.000000,9,0,0,0.000000,0.000000,0.000000,31062.000000,7,0,0,0.000000,0.000000,0.000000,13375.000000,2,0,0,0.000000,0.000000,0.000000,6175.000000
801,646339.000000,645072.634207,0.000000,1,1,1,0,672567.000000,679575.000000,0.000000,124204.000000,9,1,0,525854.000000,555371.000000,0.000000,131523.000000,1,1,0,416840.000000,423848.000000,0.000000,73729.000000,3,0,0,0.000000,0.000000,0.000000,74879.000000,8,0,0,0.000000,0.000000,0.000000,104437.000000,2,0,0,0.000000,0.000000,0.000000,73062.000000,1,0,0,0.000000,0.000000,0.000000,22593.000000,5,0,0,0.000000,0.000000,0.000000,23246.000000,2,0,0,0.000000,0.000000,0.000000,8463.000000,3,0,0,0.000000,0.000000,0.000000,10203.000000
802,666839.000000,645099.774314,0.000000,1,6,1,0,656706.000000,679575.000000,0.000000,150099.000000,8,1,0,512146.000000,529476.000000,0.000000,112646.000000,4,1,0,398917.000000,416830.000000,0.000000,148252.000000,0,0,0,0.000000,0.000000,0.000000,66316.000000,0,0,0,0.000000,0.000000,0.000000,42347.000000,0,0,0,0.000000,0.000000,0.000000,40712.000000,8,0,0,0.000000,0.000000,0.000000,41320.000000,2,0,0,0.000000,0.000000,0.000000,29658.000000,3,0,0,0.000000,0.000000,0.000000,17537.000000,8,0,0,0.000000,0.000000,0.000000,17952.000000
803,639832.000000,645093.214197,0.000000,1,2,1,0,620604.000000,679575.000000,0.000000,59587.000000,10,1,0,568747.000000,619988.000000,0.000000,136232.000000,7,1,0,461127.000000,483756.000000,0.000000,46150.000000,5,1,0,396917.000000,437606.000000,0.000000,72428.000000,1,1,0,355769.000000,365178.000000,0.000000,129231.000000,2,0,0,0.000000,0.000000,0.000000,56128.000000,1,0,0,0.000000,0.000000,0.000000,19628.000000,2,0,0,0.000000,0.000000,0.000000,72392.000000,3,0,0,0.000000,0.000000,0.000000,32846.000000,10,0,0,0.000000,0.000000,0.000000,15210.000000
804,634355.000000,645079.858209,0.000000,1,0,0,0,0.000000,0.000000,0.000000,74496.000000,0,0,0,0.000000,0.000000,0.000000,56577.000000,1,1,0,541494.000000,548502.000000,0.000000,76143.000000,1,1,0,465351.000000,472359.000000,0.000000,120975.000000,0,0,0,0.000000,0.000000,0.000000,60628.000000,0,0,0,0.000000,0.000000,0.000000,89848.000000,3,0,0,0.000000,0.000000,0.000000,32380.000000,4,0,0,0.000000,0.000000,0.000000,46991.000000,8,0,0,0.000000,0.000000,0.000000,52625.000000,7,0,0,0.000000,0.000000,0.000000,23692.000000
805,670919.000000,645111.956522,0.000000,1,6,1,0,656706.000000,679575.000000,0.000000,131951.000000,2,1,0,488653.000000,547624.000000,0.000000,95067.000000,9,1,0,423465.000000,452557.000000,0.000000,116791.000000,0,0,0,0.000000,0.000000,0.000000,80019.000000,2,0,0,0.000000,0.000000,0.000000,124345.000000,10,0,0,0.000000,0.000000,0.000000,44657.000000,2,0,0,0.000000,0.000000,0.000000,44506.000000,2,0,0,0.000000,0.000000,0.000000,10858.000000,6,0,0,0.000000,0.000000,0.000000,21643.000000,10,0,0,0.000000,0.000000,0.000000,1082.000000
806,564651.000000,645012.129032,0.000000,1,3,1,0,643256.000000,679575.000000,0.000000,60315.000000,5,1,0,582991.000000,619260.000000,0.000000,85631.000000,5,1,0,488457.000000,533629.000000,0.000000,76808.000000,1,1,0,449813.000000,456821.000000,0.000000,81549.000000,6,0,0,0.000000,0.000000,0.000000,60448.000000,4,0,0,0.000000,0.000000,0.000000,25051.000000,0,0,0,0.000000,0.000000,0.000000,48612.000000,10,0,0,0.000000,0.000000,0.000000,48583.000000,2,0,0,0.000000,0.000000,0.000000,50738.000000,3,0,0,0.000000,0.000000,0.000000,26916.000000
807,589215.000000,644942.987608,0.000000,1,7,1,0,658990.000000,679575.000000,0.000000,152126.000000,0,0,0,0.000000,0.000000,0.000000,70370.000000,10,1,0,403762.000000,457079.000000,0.000000,54187.000000,0,0,0,0.000000,0.000000,0.000000,66734.000000,6,0,0,0.000000,0.000000,0.000000,98458.000000,10,0,0,0.000000,0.000000,0.000000,84344.000000,3,0,0,0.000000,0.000000,0.000000,9270.000000,1,0,0,0.000000,0.000000,0.000000,27026.000000,5,0,0,0.000000,0.000000,0.000000,22473.000000,0,0,0,0.000000,0.000000,0.000000,4227.000000
808,646164.000000,644944.498762,0.000000,1,2,1,0,620604.000000,679575.000000,0.000000,82415.000000,9,1,0,568068.000000,597160.000000,0.000000,97153.000000,0,0,0,0.000000,0.000000,0.000000,96189.000000,7,0,0,0.000000,0.000000,0.000000,82296.000000,0,0,0,0.000000,0.000000,0.000000,94746.000000,1,1,0,211737.000000,218829.000000,0.000000,94617.000000,0,0,0,0.000000,0.000000,0.000000,55788.000000,6,0,0,0.000000,0.000000,0.000000,22740.000000,0,0,0,0.000000,0.000000,0.000000,10689.000000,9,0,0,0.000000,0.000000,0.000000,9531.000000
809,634253.000000,644931.283066,0.000000,1,6,1,0,656706.000000,679575.000000,0.000000,77380.000000,0,0,0,0.000000,0.000000,0.000000,122989.000000,0,0,0,0.000000,0.000000,0.000000,64177.000000,7,1,0,391144.000000,415029.000000,0.000000,55337.000000,0,0,0,0.000000,0.000000,0.000000,56644.000000,0,0,0,0.000000,0.000000,0.000000,81013.000000,2,0,0,0.000000,0.000000,0.000000,50538.000000,0,0,0,0.000000,0.000000,0.000000,83489.000000,1,0,0,0.000000,0.000000,0.000000,35221.000000,0,0,0,0.000000,0.000000,0.000000,7465.000000
810,645501.000000,644931.986420,0.000000,1,1,1,0,672567.000000,679575.000000,0.000000,127035.000000,2,1,0,488709.000000,552540.000000,0.000000,103139.000000,5,0,0,0.000000,0.000000,0.000000,53000.000000,3,0,0,0.000000,0.000000,0.000000,105753.000000,4,1,0,268147.000000,290648.000000,0.000000,41950.000000,1,1,1,241662.000000,240973.000000,17235.000000,73228.000000,1,1,0,142407.000000,151199.000000,0.000000,49321.000000,8,0,0,0.000000,0.000000,0.000000,51929.000000,3,0,0,0.000000,0.000000,0.000000,18142.000000,3,0,0,0.000000,0.000000,0.000000,4769.000000
811,653089.000000,644942.044390,0.000000,1,6,1,0,656706.000000,679575.000000,0.000000,49953.000000,6,1,0,606753.000000,629622.000000,0.000000,69182.000000,8,1,0,543110.000000,560440.000000,0.000000,108899.000000,1,1,0,444533.000000,451541.000000,0.000000,65021.000000,5,1,0,349146.000000,383072.000000,0.000000,95905.000000,0,0,0,0.000000,0.000000,0.000000,86439.000000,7,0,0,0.000000,0.000000,0.000000,88538.000000,10,0,0,0.000000,0.000000,0.000000,35152.000000,4,0,0,0.000000,0.000000,0.000000,48354.000000,8,0,0,0.000000,0.000000,0.000000,5646.000000
812,627332.000000,644920.357143,0.000000,1,10,1,0,628334.000000,679575.000000,0.000000,128839.000000,8,1,0,533406.000000,550736.000000,0.000000,39928.000000,5,1,0,474539.000000,510808.000000,0.000000,79212.000000,4,1,0,411683.000000,431596.000000,0.000000,67833.000000,6,0,0,0.000000,0.000000,0.000000,68895.000000,10,0,0,0.000000,0.000000,0.000000,92187.000000,9,0,0,0.000000,0.000000,0.000000,35312.000000,2,0,0,0.000000,0.000000,0.000000,25556.000000,7,0,0,0.000000,0.000000,0.000000,69575.000000,4,0,0,0.000000,0.000000,0.000000,19995.000000
813,611690.000000,644879.483395,0.000000,1,2,1,0,620604.000000,679575.000000,0.000000,102841.000000,6,1,0,549589.000000,576734.000000,0.000000,99414.000000,5,1,0,415426.000000,477320.000000,0.000000,72435.000000,6,1,0,367702.000000,404885.000000,0.000000,87786.000000,9,1,0,277953.000000,317099.000000,0.000000,64011.000000,1,1,0,243007.000000,253088.000000,0.000000,80660.000000,0,0,0,0.000000,0.000000,0.000000,47656.000000,10,0,0,0.000000,0.000000,0.000000,34922.000000,9,0,0,0.000000,0.000000,0.000000,13994.000000,5,0,0,0.000000,0.000000,0.000000,7971.000000
814,658331.000000,644896.008600,0.000000,1,6,1,0,656706.000000,679575.000000,0.000000,79838.000000,7,1,0,579152.000000,599737.000000,0.000000,76821.000000,4,1,0,502415.000000,522916.000000,0.000000,100879.000000,10,0,0,0.000000,0.000000,0.000000,139253.000000,10,0,0,0.000000,0.000000,0.000000,107104.000000,8,0,0,0.000000,0.000000,0.000000,45256.000000,0,0,0,0.000000,0.000000,0.000000,41708.000000,10,0,0,0.000000,0.000000,0.000000,21770.000000,9,0,0,0.000000,0.000000,0.000000,37098.000000,5,0,0,0.000000,0.000000,0.000000,8604.000000
815,639870.000000,644889.841718,0.000000,1,0,0,0,0.000000,0.000000,0.000000,71318.000000,8,1,0,590927.000000,608257.000000,0.000000,75543.000000,7,1,0,512129.000000,532714.000000,0.000000,124516.000000,5,1,0,368887.000000,408198.000000,0.000000,101931.000000,2,0,0,0.000000,0.000000,0.000000,40865.000000,8,1,0,248072.000000,264433.000000,0.000000,58111.000000,4,0,0,0.000000,0.000000,0.000000,73664.000000,3,0,0,0.000000,0.000000,0.000000,25187.000000,7,0,0,0.000000,0.000000,0.000000,26620.000000,2,0,0,0.000000,0.000000,0.000000,42115.000000
816,674830.000000,644926.533088,0.000000,1,8,1,0,662245.000000,679575.000000,0.000000,116695.000000,8,1,0,545550.000000,562880.000000,0.000000,112816.000000,0,0,0,0.000000,0.000000,0.000000,109538.000000,4,1,0,321613.000000,340526.000000,0.000000,87947.000000,3,0,0,0.000000,0.000000,0.000000,88018.000000,0,0,0,0.000000,0.000000,0.000000,42671.000000,2,0,0,0.000000,0.000000,0.000000,25811.000000,5,0,0,0.000000,0.000000,0.000000,61435.000000,7,0,0,0.000000,0.000000,0.000000,23778.000000,6,0,0,0.000000,0.000000,0.000000,6121.000000
817,666190.000000,644952.559364,0.000000,1,2,1,0,620604.000000,679575.000000,0.000000,82598.000000,3,1,0,560658.000000,596977.000000,0.000000,98684.000000,6,1,0,475424.000000,498293.000000,0.000000,108809.000000,8,1,0,370734.000000,389484.000000,0.000000,90856.000000,3,0,0,0.000000,0.000000,0.000000,61772.000000,2,0,0,0.000000,0.000000,0.000000,66236.000000,2,0,0,0.000000,0.000000,0.000000,85211.000000,6,0,0,0.000000,0.000000,0.000000,17050.000000,8,0,0,0.000000,0.000000,0.000000,20997.000000,7,0,0,0.000000,0.000000,0.000000,33977.000000
818,615291.000000,644916.298289,0.000000,1,2,1,0,620604.000000,679575.000000,0.000000,89649.000000,3,1,0,553607.000000,589926.000000,0.000000,156459.000000,6,1,0,408258.000000,433467.000000,0.000000,87270.000000,2,0,0,0.000000,0.000000,0.000000,57693.000000,0,0,0,0.000000,0.000000,0.000000,38987.000000,2,0,0,0.000000,0.000000,0.000000,44321.000000,3,0,0,0.000000,0.000000,0.000000,51894.000000,5,0,0,0.000000,0.000000,0.000000,42759.000000,7,0,0,0.000000,0.000000,0.000000,28419.000000,5,0,0,0.000000,0.000000,0.000000,17840.000000
819,621856.000000,644888.141636,0.000000,1,5,1,0,643306.000000,679575.000000,0.000000,120481.000000,9,1,0,527877.000000,559094.000000,0.000000,62793.000000,9,1,0,464659.000000,496301.000000,0.000000,121062.000000,0,0,0,0.000000,0.000000,0.000000,50629.000000,4,1,0,294175.000000,317176.000000,0.000000,112963.000000,1,1,0,193768.000000,203616.000000,0.000000,91290.000000,6,0,0,0.000000,0.000000,0.000000,16840.000000,9,0,0,0.000000,0.000000,0.000000,17005.000000,1,0,0,0.000000,0.000000,0.000000,15553.000000,5,0,0,0.000000,0.000000,0.000000,13240.000000
820,651565.000000,644896.284146,0.000000,1,4,1,0,661662.000000,679575.000000,0.000000,76115.000000,0,0,0,0.000000,0.000000,0.000000,91529.000000,7,1,0,491346.000000,511931.000000,0.000000,111017.000000,9,1,0,371822.000000,400914.000000,0.000000,81240.000000,0,0,0,0.000000,0.000000,0.000000,63202.000000,8,0,0,0.000000,0.000000,0.000000,59405.000000,4,0,0,0.000000,0.000000,0.000000,79275.000000,4,0,0,0.000000,0.000000,0.000000,26709.000000,9,0,0,0.000000,0.000000,0.000000,42581.000000,9,0,0,0.000000,0.000000,0.000000,20492.000000
821,672679.000000,644930.124239,0.000000,1,8,1,0,662245.000000,679575.000000,0.000000,112041.000000,2,1,0,508563.000000,567534.000000,0.000000,42830.000000,1,1,0,517696.000000,524704.000000,0.000000,93320.000000,2,0,0,0.000000,0.000000,0.000000,92271.000000,8,0,0,0.000000,0.000000,0.000000,57883.000000,7,1,0,248983.000000,278409.000000,0.000000,148324.000000,4,0,0,0.000000,0.000000,0.000000,43772.000000,5,0,0,0.000000,0.000000,0.000000,41389.000000,0,0,0,0.000000,0.000000,0.000000,28293.000000,4,0,0,0.000000,0.000000,0.000000,12556.000000
822,623287.000000,644903.794404,0.000000,1,0,0,0,0.000000,0.000000,0.000000,76064.000000,7,1,0,582926.000000,603511.000000,0.000000,73176.000000,10,1,0,479094.000000,530335.000000,0.000000,107841.000000,0,0,0,0.000000,0.000000,0.000000,87273.000000,8,1,0,314341.000000,335221.000000,0.000000,105226.000000,8,0,0,0.000000,0.000000,0.000000,61652.000000,6,0,0,0.000000,0.000000,0.000000,32055.000000,5,0,0,0.000000,0.000000,0.000000,44568.000000,0,0,0,0.000000,0.000000,0.000000,31054.000000,0,0,0,0.000000,0.000000,0.000000,4378.000000
823,647838.000000,644907.359660,0.000000,1,9,1,0,650483.000000,679575.000000,0.000000,104839.000000,1,1,0,567728.000000,574736.000000,0.000000,82569.000000,1,1,0,485159.000000,492167.000000,0.000000,101961.000000,10,1,0,325523.000000,390206.000000,0.000000,97059.000000,0,0,0,0.000000,0.000000,0.000000,71133.000000,5,0,0,0.000000,0.000000,0.000000,62759.000000,6,0,0,0.000000,0.000000,0.000000,47575.000000,0,0,0,0.000000,0.000000,0.000000,67598.000000,0,0,0,0.000000,0.000000,0.000000,9696.000000,0,0,0,0.000000,0.000000,0.000000,2649.000000
824,583983.000000,644833.422330,0.000000,1,1,1,0,672567.000000,679575.000000,0.000000,130129.000000,0,0,0,0.000000,0.000000,0.000000,93888.000000,0,0,0,0.000000,0.000000,0.000000,61391.000000,6,1,0,361938.000000,394167.000000,0.000000,66185.000000,0,0,0,0.000000,0.000000,0.000000,37675.000000,4,0,0,0.000000,0.000000,0.000000,89979.000000,0,0,0,0.000000,0.000000,0.000000,48427.000000,0,0,0,0.000000,0.000000,0.000000,25472.000000,0,0,0,0.000000,0.000000,0.000000,16267.000000,0,0,0,0.000000,0.000000,0.000000,14570.000000
825,636488.000000,644823.306667,0.000000,1,4,1,0,661662.000000,679575.000000,0.000000,83137.000000,3,1,0,560119.000000,596438.000000,0.000000,130660.000000,0,0,0,0.000000,0.000000,0.000000,104560.000000,5,0,0,0.000000,0.000000,0.000000,97914.000000,4,1,0,243347.000000,263304.000000,0.000000,96311.000000,0,0,0,0.000000,0.000000,0.000000,30212.000000,2,0,0,0.000000,0.000000,0.000000,37407.000000,0,0,0,0.000000,0.000000,0.000000,27440.000000,6,0,0,0.000000,0.000000,0.000000,17257.000000,1,0,0,0.000000,0.000000,0.000000,11590.000000
826,648486.000000,644827.740920,0.000000,1,10,1,0,628334.000000,679575.000000,0.000000,152048.000000,8,1,0,510197.000000,527527.000000,0.000000,147557.000000,2,0,0,0.000000,0.000000,0.000000,54004.000000,2,0,0,0.000000,0.000000,0.000000,66235.000000,1,1,0,249636.000000,259731.000000,0.000000,74278.000000,8,0,0,0.000000,0.000000,0.000000,37874.000000,6,0,0,0.000000,0.000000,0.000000,51205.000000,1,0,0,0.000000,0.000000,0.000000,25995.000000,1,0,0,0.000000,0.000000,0.000000,18676.000000,5,0,0,0.000000,0.000000,0.000000,20614.000000
827,631508.000000,644811.634825,0.000000,1,9,1,0,650483.000000,679575.000000,0.000000,103325.000000,10,1,0,525009.000000,576250.000000,0.000000,91237.000000,4,1,0,465600.000000,485013.000000,0.000000,131423.000000,5,0,0,0.000000,0.000000,0.000000,73963.000000,3,0,0,0.000000,0.000000,0.000000,37311.000000,6,0,0,0.000000,0.000000,0.000000,74413.000000,0,0,0,0.000000,0.000000,0.000000,60058.000000,8,0,0,0.000000,0.000000,0.000000,19486.000000,0,0,0,0.000000,0.000000,0.000000,18704.000000,2,0,0,0.000000,0.000000,0.000000,21588.000000
828,636731.000000,644801.875604,0.000000,1,1,1,0,672567.000000,679575.000000,0.000000,99917.000000,10,1,0,528417.000000,579658.000000,0.000000,62246.000000,0,0,0,0.000000,0.000000,0.000000,53850.000000,7,1,0,437867.000000,463562.000000,0.000000,132909.000000,0,0,0,0.000000,0.000000,0.000000,88936.000000,7,1,0,213233.000000,241717.000000,0.000000,61998.000000,2,0,0,0.000000,0.000000,0.000000,47332.000000,10,0,0,0.000000,0.000000,0.000000,7897.000000,7,0,0,0.000000,0.000000,0.000000,21319.000000,1,0,0,0.000000,0.000000,0.000000,60327.000000
829,641616.000000,644798.032569,0.000000,1,2,1,0,620604.000000,679575.000000,0.000000,76593.000000,8,1,0,585652.000000,602982.000000,0.000000,58011.000000,0,0,0,0.000000,0.000000,0.000000,51495.000000,0,0,0,0.000000,0.000000,0.000000,58435.000000,6,1,0,411103.000000,435041.000000,0.000000,80518.000000,6,1,0,319658.000000,354523.000000,0.000000,69172.000000,2,0,0,0.000000,0.000000,0.000000,87046.000000,0,0,0,0.000000,0.000000,0.000000,88682.000000,3,0,0,0.000000,0.000000,0.000000,36009.000000,7,0,0,0.000000,0.000000,0.000000,35655.000000
830,662752.000000,644819.663855,0.000000,1,3,1,0,643256.000000,679575.000000,0.000000,120759.000000,4,1,0,540903.000000,558816.000000,0.000000,90627.000000,10,1,0,415030.000000,468189.000000,0.000000,105096.000000,4,1,0,344180.000000,363093.000000,0.000000,87065.000000,1,1,0,267648.000000,276028.000000,0.000000,81847.000000,4,0,0,0.000000,0.000000,0.000000,59112.000000,9,0,0,0.000000,0.000000,0.000000,43740.000000,5,0,0,0.000000,0.000000,0.000000,24666.000000,6,0,0,0.000000,0.000000,0.000000,37849.000000,2,0,0,0.000000,0.000000,0.000000,11991.000000
831,648653.000000,644824.276775,0.000000,1,7,1,0,658990.000000,679575.000000,0.000000,45019.000000,0,0,0,0.000000,0.000000,0.000000,81730.000000,0,0,0,0.000000,0.000000,0.000000,79161.000000,10,1,0,411830.000000,470988.000000,0.000000,107787.000000,8,1,0,336546.000000,360524.000000,0.000000,82844.000000,0,0,0,0.000000,0.000000,0.000000,57075.000000,0,0,0,0.000000,0.000000,0.000000,68130.000000,7,0,0,0.000000,0.000000,0.000000,73245.000000,1,1,1,68173.000000,55999.000000,28174.000000,18174.000000,5,0,0,0.000000,0.000000,0.000000,7314.000000
832,636735.000000,644814.554087,1.000000,1,0,0,0,0.000000,0.000000,0.000000,95050.000000,6,1,0,561656.000000,584525.000000,0.000000,55679.000000,9,1,0,499754.000000,528846.000000,0.000000,68839.000000,7,1,0,439422.000000,460007.000000,0.000000,94293.000000,2,1,0,295988.000000,362216.000000,0.000000,75188.000000,0,0,0,0.000000,0.000000,0.000000,80382.000000,3,0,0,0.000000,0.000000,0.000000,57109.000000,4,0,0,0.000000,0.000000,0.000000,47047.000000,6,0,0,0.000000,0.000000,0.000000,30308.000000,1,0,0,0.000000,0.000000,0.000000,32840.000000
833,659494.000000,644832.176471,0.000000,1,0,0,0,0.000000,0.000000,0.000000,84899.000000,10,1,0,543435.000000,594676.000000,0.000000,81993.000000,10,1,0,461442.000000,512683.000000,0.000000,168915.000000,3,0,0,0.000000,0.000000,0.000000,73425.000000,0,0,0,0.000000,0.000000,0.000000,55100.000000,1,1,0,203274.000000,213369.000000,0.000000,68113.000000,9,0,0,0.000000,0.000000,0.000000,42627.000000,5,0,0,0.000000,0.000000,0.000000,40795.000000,5,0,0,0.000000,0.000000,0.000000,27801.000000,10,0,0,0.000000,0.000000,0.000000,15826.000000
834,669231.000000,644861.431655,0.000000,1,8,1,0,662245.000000,679575.000000,0.000000,118706.000000,3,1,0,524550.000000,560869.000000,0.000000,145517.000000,5,0,0,0.000000,0.000000,0.000000,139527.000000,6,0,0,0.000000,0.000000,0.000000,47805.000000,0,0,0,0.000000,0.000000,0.000000,26345.000000,2,0,0,0.000000,0.000000,0.000000,82925.000000,0,0,0,0.000000,0.000000,0.000000,32054.000000,1,0,0,0.000000,0.000000,0.000000,33847.000000,9,0,0,0.000000,0.000000,0.000000,25647.000000,8,0,0,0.000000,0.000000,0.000000,16858.000000
835,664422.000000,644884.857485,0.000000,1,5,1,0,643306.000000,679575.000000,0.000000,81497.000000,0,0,0,0.000000,0.000000,0.000000,83988.000000,7,1,0,493505.000000,514090.000000,0.000000,133401.000000,2,0,0,0.000000,0.000000,0.000000,75290.000000,5,0,0,0.000000,0.000000,0.000000,77376.000000,0,0,0,0.000000,0.000000,0.000000,72663.000000,2,0,0,0.000000,0.000000,0.000000,33742.000000,10,0,0,0.000000,0.000000,0.000000,33817.000000,3,0,0,0.000000,0.000000,0.000000,48469.000000,1,0,0,0.000000,0.000000,0.000000,24179.000000
836,671628.000000,644916.846890,0.000000,1,2,1,0,620604.000000,679575.000000,0.000000,77610.000000,9,1,0,572873.000000,601965.000000,0.000000,218544.000000,2,0,0,0.000000,0.000000,0.000000,40749.000000,10,0,0,0.000000,0.000000,0.000000,150851.000000,1,0,0,0.000000,0.000000,0.000000,56991.000000,7,0,0,0.000000,0.000000,0.000000,13078.000000,5,0,0,0.000000,0.000000,0.000000,24557.000000,6,0,0,0.000000,0.000000,0.000000,34428.000000,10,0,0,0.000000,0.000000,0.000000,43142.000000,4,0,0,0.000000,0.000000,0.000000,11678.000000
837,621725.000000,644889.138590,0.000000,1,4,1,0,661662.000000,679575.000000,0.000000,159757.000000,8,1,0,502488.000000,519818.000000,0.000000,77360.000000,10,0,0,0.000000,0.000000,0.000000,49189.000000,7,0,0,0.000000,0.000000,0.000000,91009.000000,3,0,0,0.000000,0.000000,0.000000,64550.000000,10,0,0,0.000000,0.000000,0.000000,65966.000000,7,0,0,0.000000,0.000000,0.000000,24806.000000,0,0,0,0.000000,0.000000,0.000000,25129.000000,2,0,0,0.000000,0.000000,0.000000,27950.000000,10,0,0,0.000000,0.000000,0.000000,36009.000000
838,657522.000000,644904.213604,0.000000,1,6,1,0,656706.000000,679575.000000,0.000000,101004.000000,9,1,0,545704.000000,578571.000000,0.000000,108004.000000,4,1,0,451154.000000,470567.000000,0.000000,102463.000000,7,1,0,339934.000000,368104.000000,0.000000,113251.000000,3,0,0,0.000000,0.000000,0.000000,58053.000000,0,0,0,0.000000,0.000000,0.000000,57660.000000,0,0,0,0.000000,0.000000,0.000000,17523.000000,7,0,0,0.000000,0.000000,0.000000,45921.000000,1,0,0,0.000000,0.000000,0.000000,32872.000000,2,0,0,0.000000,0.000000,0.000000,20771.000000
839,636226.000000,644893.870083,0.000000,1,2,1,0,620604.000000,679575.000000,0.000000,146055.000000,1,1,0,526512.000000,533520.000000,0.000000,90194.000000,5,0,0,0.000000,0.000000,0.000000,63584.000000,0,0,0,0.000000,0.000000,0.000000,42039.000000,5,0,0,0.000000,0.000000,0.000000,48380.000000,4,1,0,265288.000000,283701.000000,0.000000,79989.000000,10,0,0,0.000000,0.000000,0.000000,83842.000000,1,0,0,0.000000,0.000000,0.000000,46841.000000,7,0,0,0.000000,0.000000,0.000000,21286.000000,6,0,0,0.000000,0.000000,0.000000,14016.000000
840,648544.000000,644898.215476,0.000000,1,9,1,0,650483.000000,679575.000000,0.000000,87579.000000,10,1,0,540755.000000,591996.000000,0.000000,111789.000000,10,0,0,0.000000,0.000000,0.000000,112540.000000,1,1,0,357476.000000,367667.000000,0.000000,96108.000000,10,0,0,0.000000,0.000000,0.000000,75535.000000,8,0,0,0.000000,0.000000,0.000000,27121.000000,10,0,0,0.000000,0.000000,0.000000,76960.000000,7,0,0,0.000000,0.000000,0.000000,32342.000000,6,0,0,0.000000,0.000000,0.000000,7150.000000,3,0,0,0.000000,0.000000,0.000000,21420.000000
841,643835.000000,644896.951249,0.000000,1,9,1,0,650483.000000,679575.000000,0.000000,105163.000000,8,1,0,557082.000000,574412.000000,0.000000,111708.000000,4,1,0,444791.000000,462704.000000,0.000000,73265.000000,8,1,0,372109.000000,389439.000000,0.000000,116567.000000,7,1,0,248444.000000,270051.000000,0.000000,44631.000000,9,0,0,0.000000,0.000000,0.000000,43219.000000,0,0,0,0.000000,0.000000,0.000000,75029.000000,4,0,0,0.000000,0.000000,0.000000,21755.000000,1,0,0,0.000000,0.000000,0.000000,35590.000000,9,0,0,0.000000,0.000000,0.000000,16908.000000
842,662937.000000,644918.376485,0.000000,1,9,1,0,650483.000000,679575.000000,0.000000,97118.000000,2,1,0,523486.000000,582457.000000,0.000000,100450.000000,10,1,0,428127.000000,482007.000000,0.000000,102319.000000,4,1,0,353511.000000,379688.000000,0.000000,126833.000000,5,0,0,0.000000,0.000000,0.000000,77094.000000,5,0,0,0.000000,0.000000,0.000000,61363.000000,7,0,0,0.000000,0.000000,0.000000,48273.000000,10,0,0,0.000000,0.000000,0.000000,25190.000000,4,0,0,0.000000,0.000000,0.000000,18943.000000,8,0,0,0.000000,0.000000,0.000000,5354.000000
843,591827.000000,644855.397390,0.000000,1,4,1,0,661662.000000,679575.000000,0.000000,65589.000000,9,1,0,584894.000000,613986.000000,0.000000,113827.000000,2,1,0,422246.000000,500159.000000,0.000000,81453.000000,7,1,0,394544.000000,418706.000000,0.000000,82517.000000,2,0,0,0.000000,0.000000,0.000000,44707.000000,10,0,0,0.000000,0.000000,0.000000,45563.000000,7,0,0,0.000000,0.000000,0.000000,56237.000000,7,0,0,0.000000,0.000000,0.000000,41399.000000,0,0,0,0.000000,0.000000,0.000000,30625.000000,0,0,0,0.000000,0.000000,0.000000,29910.000000
844,555473.000000,644749.494076,0.000000,1,0,0,0,0.000000,0.000000,0.000000,36812.000000,1,1,0,635755.000000,642763.000000,0.000000,103565.000000,10,1,0,487957.000000,539198.000000,0.000000,73520.000000,5,1,0,427199.000000,463001.000000,0.000000,56183.000000,2,1,0,330404.000000,398787.000000,0.000000,80915.000000,2,0,0,0.000000,0.000000,0.000000,90613.000000,0,0,0,0.000000,0.000000,0.000000,20654.000000,6,0,0,0.000000,0.000000,0.000000,44405.000000,10,0,0,0.000000,0.000000,0.000000,33047.000000,0,0,0,0.000000,0.000000,0.000000,15759.000000
845,675699.000000,644786.120710,0.000000,1,8,1,0,662245.000000,679575.000000,0.000000,93966.000000,9,1,0,556517.000000,585609.000000,0.000000,94971.000000,0,0,0,0.000000,0.000000,0.000000,132495.000000,5,1,0,318538.000000,358143.000000,0.000000,64036.000000,7,0,0,0.000000,0.000000,0.000000,103528.000000,10,0,0,0.000000,0.000000,0.000000,60519.000000,10,0,0,0.000000,0.000000,0.000000,69366.000000,3,0,0,0.000000,0.000000,0.000000,35824.000000,10,0,0,0.000000,0.000000,0.000000,20025.000000,0,0,0,0.000000,0.000000,0.000000,969.000000
846,617743.000000,644754.154846,0.000000,1,4,1,0,661662.000000,679575.000000,0.000000,59654.000000,0,0,0,0.000000,0.000000,0.000000,86809.000000,3,1,0,496793.000000,533112.000000,0.000000,135020.000000,6,1,0,372883.000000,395443.000000,0.000000,84392.000000,5,1,0,276326.000000,313700.000000,0.000000,77099.000000,4,0,0,0.000000,0.000000,0.000000,50048.000000,5,0,0,0.000000,0.000000,0.000000,64252.000000,8,0,0,0.000000,0.000000,0.000000,31653.000000,1,0,0,0.000000,0.000000,0.000000,16867.000000,4,0,0,0.000000,0.000000,0.000000,11949.000000
847,667552.000000,644781.070838,0.000000,1,9,1,0,650483.000000,679575.000000,0.000000,80714.000000,7,1,0,578276.000000,598861.000000,0.000000,69177.000000,3,1,0,493365.000000,529684.000000,0.000000,147218.000000,2,1,0,312257.000000,382466.000000,0.000000,96667.000000,6,0,0,0.000000,0.000000,0.000000,58416.000000,8,0,0,0.000000,0.000000,0.000000,53346.000000,2,0,0,0.000000,0.000000,0.000000,71942.000000,8,0,0,0.000000,0.000000,0.000000,32941.000000,2,0,0,0.000000,0.000000,0.000000,41457.000000,3,0,0,0.000000,0.000000,0.000000,15674.000000
848,679575.000000,644822.101415,0.000000,1,10,1,0,628334.000000,679575.000000,0.000000,100547.000000,10,1,0,527787.000000,579028.000000,0.000000,104774.000000,0,0,0,0.000000,0.000000,0.000000,58391.000000,7,1,0,390679.000000,415863.000000,0.000000,130865.000000,0,0,0,0.000000,0.000000,0.000000,90781.000000,3,0,0,0.000000,0.000000,0.000000,55715.000000,8,0,0,0.000000,0.000000,0.000000,77196.000000,4,0,0,0.000000,0.000000,0.000000,25230.000000,4,0,0,0.000000,0.000000,0.000000,32276.000000,6,0,0,0.000000,0.000000,0.000000,3800.000000
849,637736.000000,644813.755006,0.000000,1,2,1,0,620604.000000,679575.000000,0.000000,125223.000000,5,1,0,518083.000000,554352.000000,0.000000,75101.000000,10,1,0,428010.000000,479251.000000,0.000000,154577.000000,2,0,0,0.000000,0.000000,0.000000,97517.000000,10,0,0,0.000000,0.000000,0.000000,64039.000000,2,0,0,0.000000,0.000000,0.000000,35036.000000,5,0,0,0.000000,0.000000,0.000000,25211.000000,0,0,0,0.000000,0.000000,0.000000,39830.000000,8,0,0,0.000000,0.000000,0.000000,19264.000000,4,0,0,0.000000,0.000000,0.000000,1938.000000
850,606051.000000,644768.151765,0.000000,1,1,1,0,672567.000000,679575.000000,0.000000,72159.000000,4,1,0,589503.000000,607416.000000,0.000000,86511.000000,8,1,0,503575.000000,520905.000000,0.000000,101672.000000,6,1,0,391684.000000,419233.000000,0.000000,33701.000000,8,1,0,366072.000000,377069.000000,0.000000,84174.000000,3,0,0,0.000000,0.000000,0.000000,64417.000000,5,0,0,0.000000,0.000000,0.000000,29024.000000,5,0,0,0.000000,0.000000,0.000000,32959.000000,3,0,0,0.000000,0.000000,0.000000,65323.000000,9,0,0,0.000000,0.000000,0.000000,36111.000000
851,658675.000000,644784.493537,0.000000,1,4,1,0,661662.000000,679575.000000,0.000000,134514.000000,2,1,0,479670.000000,545061.000000,0.000000,129818.000000,8,0,0,0.000000,0.000000,0.000000,84446.000000,0,0,0,0.000000,0.000000,0.000000,63645.000000,5,0,0,0.000000,0.000000,0.000000,65636.000000,0,0,0,0.000000,0.000000,0.000000,59335.000000,6,0,0,0.000000,0.000000,0.000000,59459.000000,9,0,0,0.000000,0.000000,0.000000,31895.000000,2,0,0,0.000000,0.000000,0.000000,22681.000000,9,0,0,0.000000,0.000000,0.000000,7246.000000
852,666627.000000,644810.130282,0.000000,1,7,1,0,658990.000000,679575.000000,0.000000,109735.000000,8,1,0,552510.000000,569840.000000,0.000000,132499.000000,0,0,0,0.000000,0.000000,0.000000,60750.000000,6,1,0,341152.000000,376591.000000,0.000000,118333.000000,4,1,0,240345.000000,258258.000000,0.000000,64354.000000,3,0,0,0.000000,0.000000,0.000000,65209.000000,4,0,0,0.000000,0.000000,0.000000,54642.000000,0,0,0,0.000000,0.000000,0.000000,20500.000000,6,0,0,0.000000,0.000000,0.000000,13916.000000,2,0,0,0.000000,0.000000,0.000000,26689.000000
853,630409.000000,644793.247362,0.000000,1,0,0,0,0.000000,0.000000,0.000000,97937.000000,3,1,0,545319.000000,581638.000000,0.000000,81270.000000,5,1,0,458553.000000,500368.000000,0.000000,57029.000000,4,1,0,425426.000000,443339.000000,0.000000,66691.000000,0,0,0,0.000000,0.000000,0.000000,68058.000000,2,0,0,0.000000,0.000000,0.000000,119125.000000,10,0,0,0.000000,0.000000,0.000000,74544.000000,0,0,0,0.000000,0.000000,0.000000,22430.000000,10,0,0,0.000000,0.000000,0.000000,19752.000000,10,0,0,0.000000,0.000000,0.000000,23573.000000
854,675775.000000,644829.525761,0.000000,1,2,1,0,620604.000000,679575.000000,0.000000,72948.000000,1,1,0,599619.000000,606627.000000,0.000000,70110.000000,9,1,0,507425.000000,536517.000000,0.000000,117883.000000,10,1,0,355235.000000,418634.000000,0.000000,47729.000000,4,1,0,348448.000000,370905.000000,0.000000,119471.000000,8,0,0,0.000000,0.000000,0.000000,98111.000000,6,0,0,0.000000,0.000000,0.000000,67383.000000,8,0,0,0.000000,0.000000,0.000000,46756.000000,0,0,0,0.000000,0.000000,0.000000,28288.000000,2,0,0,0.000000,0.000000,0.000000,7096.000000
855,639504.000000,644823.297076,0.000000,1,8,1,0,662245.000000,679575.000000,0.000000,70132.000000,7,1,0,588858.000000,609443.000000,0.000000,92226.000000,0,0,0,0.000000,0.000000,0.000000,128951.000000,5,1,0,350983.000000,388266.000000,0.000000,92813.000000,4,0,0,0.000000,0.000000,0.000000,38109.000000,6,0,0,0.000000,0.000000,0.000000,36786.000000,1,1,1,210016.000000,208384.000000,19902.000000,45392.000000,0,0,0,0.000000,0.000000,0.000000,50366.000000,6,0,0,0.000000,0.000000,0.000000,36574.000000,2,0,0,0.000000,0.000000,0.000000,28253.000000
856,654128.000000,644834.167056,0.000000,1,0,0,0,0.000000,0.000000,0.000000,82967.000000,0,0,0,0.000000,0.000000,0.000000,77662.000000,4,1,0,501033.000000,518946.000000,0.000000,105837.000000,9,1,0,380997.000000,413109.000000,0.000000,86206.000000,7,1,0,301208.000000,326903.000000,0.000000,103515.000000,2,0,0,0.000000,0.000000,0.000000,87543.000000,6,0,0,0.000000,0.000000,0.000000,31046.000000,4,0,0,0.000000,0.000000,0.000000,41136.000000,0,0,0,0.000000,0.000000,0.000000,29695.000000,0,0,0,0.000000,0.000000,0.000000,8521.000000
857,653296.000000,644844.040840,0.000000,1,9,1,0,650483.000000,679575.000000,0.000000,173582.000000,2,1,0,447022.000000,505993.000000,0.000000,67852.000000,0,0,0,0.000000,0.000000,0.000000,84060.000000,0,0,0,0.000000,0.000000,0.000000,64462.000000,1,1,0,282611.000000,289619.000000,0.000000,58104.000000,7,0,0,0.000000,0.000000,0.000000,99954.000000,5,0,0,0.000000,0.000000,0.000000,42557.000000,4,0,0,0.000000,0.000000,0.000000,22807.000000,8,0,0,0.000000,0.000000,0.000000,26143.000000,5,0,0,0.000000,0.000000,0.000000,13775.000000
858,643399.000000,644842.356643,0.000000,1,3,1,0,643256.000000,679575.000000,0.000000,72400.000000,7,1,0,586590.000000,607175.000000,0.000000,97649.000000,10,1,0,456367.000000,509526.000000,0.000000,83457.000000,8,1,0,407969.000000,426069.000000,0.000000,75030.000000,6,0,0,0.000000,0.000000,0.000000,86778.000000,8,0,0,0.000000,0.000000,0.000000,93690.000000,2,0,0,0.000000,0.000000,0.000000,9372.000000,3,0,0,0.000000,0.000000,0.000000,56487.000000,7,0,0,0.000000,0.000000,0.000000,24007.000000,3,0,0,0.000000,0.000000,0.000000,44529.000000
859,620380.000000,644813.878929,0.000000,1,0,0,0,0.000000,0.000000,0.000000,109042.000000,7,1,0,549948.000000,570533.000000,0.000000,103603.000000,5,1,0,426241.000000,466930.000000,0.000000,120565.000000,10,1,0,291922.000000,346365.000000,0.000000,105173.000000,9,0,0,0.000000,0.000000,0.000000,35216.000000,9,0,0,0.000000,0.000000,0.000000,33359.000000,4,0,0,0.000000,0.000000,0.000000,57121.000000,1,0,0,0.000000,0.000000,0.000000,13325.000000,10,0,0,0.000000,0.000000,0.000000,25947.000000,7,0,0,0.000000,0.000000,0.000000,17029.000000
860,589938.000000,644750.069767,0.000000,1,7,1,0,658990.000000,679575.000000,0.000000,97818.000000,5,1,0,545488.000000,581757.000000,0.000000,93590.000000,7,1,0,467582.000000,488167.000000,0.000000,41258.000000,3,1,0,410590.000000,444260.000000,0.000000,85835.000000,3,1,0,323574.000000,350478.000000,0.000000,86861.000000,2,0,0,0.000000,0.000000,0.000000,70120.000000,6,0,0,0.000000,0.000000,0.000000,77897.000000,0,0,0,0.000000,0.000000,0.000000,10683.000000,0,0,0,0.000000,0.000000,0.000000,17688.000000,2,0,0,0.000000,0.000000,0.000000,8188.000000
861,661395.000000,644769.401858,0.000000,1,4,1,0,661662.000000,679575.000000,0.000000,94073.000000,8,1,0,568172.000000,585502.000000,0.000000,94476.000000,0,0,0,0.000000,0.000000,0.000000,96702.000000,8,1,0,376994.000000,394324.000000,0.000000,91014.000000,2,0,0,0.000000,0.000000,0.000000,81158.000000,6,0,0,0.000000,0.000000,0.000000,65958.000000,1,0,0,0.000000,0.000000,0.000000,48453.000000,2,0,0,0.000000,0.000000,0.000000,39677.000000,2,0,0,0.000000,0.000000,0.000000,39070.000000,7,0,0,0.000000,0.000000,0.000000,10814.000000
862,653773.000000,644779.846868,0.000000,1,8,1,0,662245.000000,679575.000000,0.000000,128066.000000,3,1,0,515190.000000,551509.000000,0.000000,83195.000000,9,1,0,436247.000000,468314.000000,0.000000,98401.000000,0,0,0,0.000000,0.000000,0.000000,81784.000000,8,0,0,0.000000,0.000000,0.000000,51444.000000,4,1,0,214228.000000,233864.000000,0.000000,87966.000000,8,0,0,0.000000,0.000000,0.000000,27777.000000,7,0,0,0.000000,0.000000,0.000000,39483.000000,3,0,0,0.000000,0.000000,0.000000,24305.000000,8,0,0,0.000000,0.000000,0.000000,31352.000000
863,643713.000000,644778.610660,0.000000,1,9,1,0,650483.000000,679575.000000,0.000000,87016.000000,10,1,0,541318.000000,592559.000000,0.000000,85823.000000,9,1,0,471604.000000,506736.000000,0.000000,120399.000000,8,1,0,363617.000000,383859.000000,0.000000,142295.000000,8,0,0,0.000000,0.000000,0.000000,92112.000000,6,0,0,0.000000,0.000000,0.000000,51067.000000,4,0,0,0.000000,0.000000,0.000000,23875.000000,8,0,0,0.000000,0.000000,0.000000,23918.000000,7,0,0,0.000000,0.000000,0.000000,6126.000000,3,0,0,0.000000,0.000000,0.000000,11082.000000
864,608180.000000,644736.251157,0.000000,1,0,0,0,0.000000,0.000000,0.000000,94758.000000,0,0,0,0.000000,0.000000,0.000000,80656.000000,2,1,0,442622.000000,504161.000000,0.000000,137649.000000,5,0,0,0.000000,0.000000,0.000000,60284.000000,10,0,0,0.000000,0.000000,0.000000,50282.000000,6,0,0,0.000000,0.000000,0.000000,66284.000000,2,0,0,0.000000,0.000000,0.000000,14455.000000,9,0,0,0.000000,0.000000,0.000000,29561.000000,5,0,0,0.000000,0.000000,0.000000,38758.000000,2,0,0,0.000000,0.000000,0.000000,35493.000000
865,658180.000000,644751.793064,0.000000,1,2,1,0,620604.000000,679575.000000,0.000000,102367.000000,0,0,0,0.000000,0.000000,0.000000,89139.000000,7,1,0,466462.000000,488069.000000,0.000000,73885.000000,4,1,0,393271.000000,414184.000000,0.000000,94475.000000,2,0,0,0.000000,0.000000,0.000000,50588.000000,4,1,0,243678.000000,267223.000000,0.000000,122118.000000,6,0,0,0.000000,0.000000,0.000000,55729.000000,6,0,0,0.000000,0.000000,0.000000,31271.000000,10,0,0,0.000000,0.000000,0.000000,26600.000000,7,0,0,0.000000,0.000000,0.000000,12008.000000
866,670343.000000,644781.344111,0.000000,1,7,1,0,658990.000000,679575.000000,0.000000,125202.000000,10,1,0,503132.000000,554373.000000,0.000000,182085.000000,1,1,0,363949.000000,372288.000000,0.000000,75441.000000,2,0,0,0.000000,0.000000,0.000000,60449.000000,6,0,0,0.000000,0.000000,0.000000,68436.000000,3,0,0,0.000000,0.000000,0.000000,61094.000000,9,0,0,0.000000,0.000000,0.000000,38896.000000,1,0,0,0.000000,0.000000,0.000000,22994.000000,9,0,0,0.000000,0.000000,0.000000,9018.000000,5,0,0,0.000000,0.000000,0.000000,26728.000000
867,679575.000000,644821.475202,0.000000,1,3,1,0,643256.000000,679575.000000,0.000000,99170.000000,5,1,0,544136.000000,580405.000000,0.000000,105504.000000,0,0,0,0.000000,0.000000,0.000000,137315.000000,5,0,0,0.000000,0.000000,0.000000,47148.000000,7,0,0,0.000000,0.000000,0.000000,97462.000000,10,0,0,0.000000,0.000000,0.000000,68558.000000,1,0,0,0.000000,0.000000,0.000000,68784.000000,4,0,0,0.000000,0.000000,0.000000,23494.000000,2,0,0,0.000000,0.000000,0.000000,18409.000000,5,0,0,0.000000,0.000000,0.000000,13731.000000
868,658161.000000,644836.843318,0.000000,1,5,1,0,643306.000000,679575.000000,0.000000,66269.000000,0,0,0,0.000000,0.000000,0.000000,62789.000000,1,1,0,543509.000000,550517.000000,0.000000,87255.000000,9,1,0,425062.000000,463262.000000,0.000000,134963.000000,0,0,0,0.000000,0.000000,0.000000,55670.000000,8,0,0,0.000000,0.000000,0.000000,57931.000000,7,0,0,0.000000,0.000000,0.000000,106236.000000,3,0,0,0.000000,0.000000,0.000000,44795.000000,1,0,0,0.000000,0.000000,0.000000,37006.000000,1,0,0,0.000000,0.000000,0.000000,5247.000000
869,668086.000000,644863.597238,0.000000,1,0,0,0,0.000000,0.000000,0.000000,72787.000000,9,1,0,577696.000000,606788.000000,0.000000,104145.000000,10,1,0,450443.000000,502643.000000,0.000000,141202.000000,0,0,0,0.000000,0.000000,0.000000,64536.000000,4,1,0,275736.000000,294330.000000,0.000000,57597.000000,1,1,1,227620.000000,226331.000000,20465.000000,61704.000000,0,0,0,0.000000,0.000000,0.000000,31199.000000,0,0,0,0.000000,0.000000,0.000000,57493.000000,0,0,0,0.000000,0.000000,0.000000,48780.000000,0,0,0,0.000000,0.000000,0.000000,8178.000000
870,677751.000000,644901.398851,0.000000,1,0,0,0,0.000000,0.000000,0.000000,122231.000000,0,0,0,0.000000,0.000000,0.000000,107497.000000,0,0,0,0.000000,0.000000,0.000000,84764.000000,10,0,0,0.000000,0.000000,0.000000,134790.000000,0,0,0,0.000000,0.000000,0.000000,31005.000000,0,0,0,0.000000,0.000000,0.000000,30180.000000,8,0,0,0.000000,0.000000,0.000000,48093.000000,9,0,0,0.000000,0.000000,0.000000,43669.000000,2,0,0,0.000000,0.000000,0.000000,60199.000000,2,0,0,0.000000,0.000000,0.000000,15323.000000
871,644819.000000,644901.304248,0.000000,1,3,1,0,643256.000000,679575.000000,0.000000,120869.000000,2,1,0,493315.000000,558706.000000,0.000000,107427.000000,6,1,0,421996.000000,451279.000000,0.000000,104429.000000,5,0,0,0.000000,0.000000,0.000000,68172.000000,1,1,0,271670.000000,274878.000000,0.000000,46319.000000,10,0,0,0.000000,0.000000,0.000000,58495.000000,0,0,0,0.000000,0.000000,0.000000,45179.000000,8,0,0,0.000000,0.000000,0.000000,44269.000000,8,0,0,0.000000,0.000000,0.000000,39933.000000,5,0,0,0.000000,0.000000,0.000000,9727.000000
872,636440.000000,644891.600917,0.000000,1,5,1,0,643306.000000,679575.000000,0.000000,74515.000000,9,1,0,575968.000000,605060.000000,0.000000,92986.000000,9,1,0,472388.000000,512074.000000,0.000000,115464.000000,2,0,0,0.000000,0.000000,0.000000,132296.000000,4,0,0,0.000000,0.000000,0.000000,32701.000000,0,0,0,0.000000,0.000000,0.000000,54126.000000,5,0,0,0.000000,0.000000,0.000000,16865.000000,6,0,0,0.000000,0.000000,0.000000,65019.000000,9,0,0,0.000000,0.000000,0.000000,24614.000000,1,0,0,0.000000,0.000000,0.000000,27854.000000
873,635502.000000,644880.845361,0.000000,1,4,1,0,661662.000000,679575.000000,0.000000,82100.000000,1,1,0,590467.000000,597475.000000,0.000000,86229.000000,6,1,0,488377.000000,511246.000000,0.000000,85905.000000,8,1,0,405881.000000,425341.000000,0.000000,111684.000000,7,0,0,0.000000,0.000000,0.000000,80526.000000,9,0,0,0.000000,0.000000,0.000000,66958.000000,1,0,0,0.000000,0.000000,0.000000,22588.000000,3,0,0,0.000000,0.000000,0.000000,46725.000000,2,0,0,0.000000,0.000000,0.000000,38046.000000,5,0,0,0.000000,0.000000,0.000000,14741.000000
874,668096.000000,644907.407323,0.000000,1,10,1,0,628334.000000,679575.000000,0.000000,113063.000000,0,0,0,0.000000,0.000000,0.000000,115130.000000,1,1,0,444374.000000,451382.000000,0.000000,131411.000000,9,0,0,0.000000,0.000000,0.000000,56413.000000,1,0,0,0.000000,0.000000,0.000000,43567.000000,0,0,0,0.000000,0.000000,0.000000,92629.000000,3,0,0,0.000000,0.000000,0.000000,58532.000000,5,0,0,0.000000,0.000000,0.000000,17582.000000,6,0,0,0.000000,0.000000,0.000000,15676.000000,1,0,0,0.000000,0.000000,0.000000,24093.000000
875,634641.000000,644895.674286,0.000000,1,10,1,0,628334.000000,679575.000000,0.000000,102123.000000,4,1,0,559539.000000,577452.000000,0.000000,94777.000000,9,1,0,442965.000000,482675.000000,0.000000,135243.000000,9,0,0,0.000000,0.000000,0.000000,125469.000000,0,0,0,0.000000,0.000000,0.000000,49696.000000,10,0,0,0.000000,0.000000,0.000000,25909.000000,8,0,0,0.000000,0.000000,0.000000,23385.000000,2,0,0,0.000000,0.000000,0.000000,29592.000000,3,0,0,0.000000,0.000000,0.000000,26350.000000,8,0,0,0.000000,0.000000,0.000000,22097.000000
876,663989.000000,644917.470320,0.000000,1,7,1,0,658990.000000,679575.000000,0.000000,113118.000000,0,0,0,0.000000,0.000000,0.000000,97955.000000,0,0,0,0.000000,0.000000,0.000000,116038.000000,3,0,0,0.000000,0.000000,0.000000,145568.000000,4,0,0,0.000000,0.000000,0.000000,87999.000000,3,0,0,0.000000,0.000000,0.000000,40726.000000,0,0,0,0.000000,0.000000,0.000000,15681.000000,6,0,0,0.000000,0.000000,0.000000,12596.000000,8,0,0,0.000000,0.000000,0.000000,16018.000000,2,0,0,0.000000,0.000000,0.000000,18290.000000
877,656792.000000,644931.010262,0.000000,1,0,0,0,0.000000,0.000000,0.000000,66052.000000,1,1,0,606515.000000,613523.000000,0.000000,80033.000000,9,1,0,504398.000000,533490.000000,0.000000,122729.000000,0,0,0,0.000000,0.000000,0.000000,79786.000000,8,0,0,0.000000,0.000000,0.000000,56970.000000,2,0,0,0.000000,0.000000,0.000000,23674.000000,6,1,0,208910.000000,245612.000000,0.000000,93269.000000,7,0,0,0.000000,0.000000,0.000000,84502.000000,3,0,0,0.000000,0.000000,0.000000,38455.000000,7,0,0,0.000000,0.000000,0.000000,11322.000000
878,628455.000000,644912.244875,0.000000,1,1,1,0,672567.000000,679575.000000,0.000000,121479.000000,3,1,0,521777.000000,558096.000000,0.000000,108913.000000,2,0,0,0.000000,0.000000,0.000000,52737.000000,7,1,0,375861.000000,396446.000000,0.000000,78998.000000,8,1,0,300118.000000,312298.000000,0.000000,83836.000000,4,1,0,210355.000000,225887.000000,0.000000,68954.000000,4,0,0,0.000000,0.000000,0.000000,44331.000000,3,0,0,0.000000,0.000000,0.000000,50364.000000,10,0,0,0.000000,0.000000,0.000000,10998.000000,8,0,0,0.000000,0.000000,0.000000,7845.000000
879,652556.000000,644920.940842,0.000000,1,0,0,0,0.000000,0.000000,0.000000,87705.000000,3,1,0,555551.000000,591870.000000,0.000000,79995.000000,5,1,0,475606.000000,511875.000000,0.000000,48396.000000,0,0,0,0.000000,0.000000,0.000000,71777.000000,6,1,0,361564.000000,386348.000000,0.000000,135561.000000,7,0,0,0.000000,0.000000,0.000000,55431.000000,5,0,0,0.000000,0.000000,0.000000,50271.000000,1,0,0,0.000000,0.000000,0.000000,59896.000000,9,0,0,0.000000,0.000000,0.000000,44629.000000,8,0,0,0.000000,0.000000,0.000000,18895.000000
880,648446.000000,644924.946591,0.000000,1,8,1,0,662245.000000,679575.000000,0.000000,76543.000000,0,0,0,0.000000,0.000000,0.000000,91757.000000,2,1,0,452304.000000,511275.000000,0.000000,70983.000000,2,1,0,366337.000000,437814.000000,0.000000,104615.000000,6,0,0,0.000000,0.000000,0.000000,81617.000000,6,0,0,0.000000,0.000000,0.000000,97394.000000,6,0,0,0.000000,0.000000,0.000000,60418.000000,10,0,0,0.000000,0.000000,0.000000,36351.000000,3,0,0,0.000000,0.000000,0.000000,8648.000000,9,0,0,0.000000,0.000000,0.000000,20120.000000
881,641351.000000,644920.889898,0.000000,1,5,1,0,643306.000000,679575.000000,0.000000,115782.000000,2,1,0,504822.000000,563793.000000,0.000000,67700.000000,4,1,0,478180.000000,496093.000000,0.000000,62517.000000,7,1,0,408392.000000,433576.000000,0.000000,114638.000000,9,1,0,284394.000000,316363.000000,0.000000,68876.000000,9,0,0,0.000000,0.000000,0.000000,83178.000000,8,0,0,0.000000,0.000000,0.000000,50830.000000,8,0,0,0.000000,0.000000,0.000000,12434.000000,5,0,0,0.000000,0.000000,0.000000,29527.000000,0,0,0,0.000000,0.000000,0.000000,35869.000000
882,665040.000000,644943.700680,0.000000,1,4,1,0,661662.000000,679575.000000,0.000000,125804.000000,6,1,0,530902.000000,553771.000000,0.000000,91384.000000,1,1,0,455379.000000,462387.000000,0.000000,95841.000000,0,0,0,0.000000,0.000000,0.000000,92761.000000,8,0,0,0.000000,0.000000,0.000000,87081.000000,8,0,0,0.000000,0.000000,0.000000,80855.000000,7,0,0,0.000000,0.000000,0.000000,38912.000000,7,0,0,0.000000,0.000000,0.000000,24810.000000,4,0,0,0.000000,0.000000,0.000000,27592.000000,8,0,0,0.000000,0.000000,0.000000,0.000000
883,649721.000000,644949.110985,0.000000,1,7,1,0,658990.000000,679575.000000,0.000000,133350.000000,0,0,0,0.000000,0.000000,0.000000,132731.000000,9,1,0,378362.000000,413494.000000,0.000000,120538.000000,1,1,0,285948.000000,292956.000000,0.000000,58289.000000,2,0,0,0.000000,0.000000,0.000000,67203.000000,0,0,0,0.000000,0.000000,0.000000,59205.000000,10,0,0,0.000000,0.000000,0.000000,36671.000000,5,0,0,0.000000,0.000000,0.000000,14820.000000,0,0,0,0.000000,0.000000,0.000000,21560.000000,3,0,0,0.000000,0.000000,0.000000,5354.000000
884,669231.000000,644976.579186,0.000000,1,0,0,0,0.000000,0.000000,0.000000,90141.000000,7,1,0,568849.000000,589434.000000,0.000000,60304.000000,0,0,0,0.000000,0.000000,0.000000,85967.000000,9,1,0,414071.000000,443163.000000,0.000000,88677.000000,0,0,0,0.000000,0.000000,0.000000,109336.000000,10,0,0,0.000000,0.000000,0.000000,57295.000000,4,0,0,0.000000,0.000000,0.000000,73880.000000,10,0,0,0.000000,0.000000,0.000000,62180.000000,6,0,0,0.000000,0.000000,0.000000,22627.000000,0,0,0,0.000000,0.000000,0.000000,18824.000000
885,618246.000000,644946.375141,0.000000,1,9,1,0,650483.000000,679575.000000,0.000000,53410.000000,10,1,0,574924.000000,626165.000000,0.000000,71663.000000,0,0,0,0.000000,0.000000,0.000000,79264.000000,0,0,0,0.000000,0.000000,0.000000,81653.000000,7,1,0,365315.000000,391010.000000,0.000000,88556.000000,7,0,0,0.000000,0.000000,0.000000,49711.000000,0,0,0,0.000000,0.000000,0.000000,52903.000000,5,0,0,0.000000,0.000000,0.000000,68297.000000,4,0,0,0.000000,0.000000,0.000000,36758.000000,0,0,0,0.000000,0.000000,0.000000,36031.000000
886,632890.000000,644932.767494,0.000000,1,5,1,0,643306.000000,679575.000000,0.000000,82430.000000,1,1,0,590137.000000,597145.000000,0.000000,99227.000000,5,1,0,461649.000000,497918.000000,0.000000,78540.000000,9,1,0,390286.000000,419378.000000,0.000000,71674.000000,8,1,0,330374.000000,347704.000000,0.000000,107599.000000,0,0,0,0.000000,0.000000,0.000000,55636.000000,0,0,0,0.000000,0.000000,0.000000,71966.000000,5,0,0,0.000000,0.000000,0.000000,35287.000000,0,0,0,0.000000,0.000000,0.000000,20693.000000,0,0,0,0.000000,0.000000,0.000000,9838.000000
887,608764.000000,644891.990981,0.000000,1,10,1,0,628334.000000,679575.000000,0.000000,57629.000000,6,1,0,599077.000000,621946.000000,0.000000,98672.000000,7,1,0,502689.000000,523274.000000,0.000000,110094.000000,3,1,0,368483.000000,413180.000000,0.000000,92837.000000,10,0,0,0.000000,0.000000,0.000000,78595.000000,0,0,0,0.000000,0.000000,0.000000,35695.000000,4,0,0,0.000000,0.000000,0.000000,41886.000000,9,0,0,0.000000,0.000000,0.000000,15554.000000,8,0,0,0.000000,0.000000,0.000000,29905.000000,7,0,0,0.000000,0.000000,0.000000,47897.000000
888,644220.000000,644891.234234,0.000000,1,5,1,0,643306.000000,679575.000000,0.000000,120139.000000,4,1,0,541523.000000,559436.000000,0.000000,120044.000000,6,0,0,0.000000,0.000000,0.000000,51355.000000,0,0,0,0.000000,0.000000,0.000000,53543.000000,5,0,0,0.000000,0.000000,0.000000,87283.000000,1,1,0,231458.000000,238466.000000,0.000000,35894.000000,10,0,0,0.000000,0.000000,0.000000,71646.000000,0,0,0,0.000000,0.000000,0.000000,52652.000000,7,0,0,0.000000,0.000000,0.000000,15119.000000,2,0,0,0.000000,0.000000,0.000000,36545.000000
889,650366.000000,644897.392576,0.000000,1,4,1,0,661662.000000,679575.000000,0.000000,153104.000000,9,1,0,482111.000000,526471.000000,0.000000,91007.000000,10,0,0,0.000000,0.000000,0.000000,85482.000000,3,0,0,0.000000,0.000000,0.000000,81841.000000,9,0,0,0.000000,0.000000,0.000000,76293.000000,0,0,0,0.000000,0.000000,0.000000,57423.000000,0,0,0,0.000000,0.000000,0.000000,36086.000000,9,0,0,0.000000,0.000000,0.000000,22766.000000,9,0,0,0.000000,0.000000,0.000000,15548.000000,6,0,0,0.000000,0.000000,0.000000,30816.000000
890,658837.000000,644913.055056,0.000000,1,5,1,0,643306.000000,679575.000000,0.000000,139290.000000,6,1,0,517416.000000,540285.000000,0.000000,85915.000000,4,1,0,436457.000000,454370.000000,0.000000,106105.000000,0,0,0,0.000000,0.000000,0.000000,108531.000000,8,0,0,0.000000,0.000000,0.000000,65482.000000,0,0,0,0.000000,0.000000,0.000000,30377.000000,0,0,0,0.000000,0.000000,0.000000,45075.000000,7,0,0,0.000000,0.000000,0.000000,43245.000000,2,0,0,0.000000,0.000000,0.000000,11849.000000,6,0,0,0.000000,0.000000,0.000000,22968.000000
891,664731.000000,644935.297419,0.000000,1,9,1,0,650483.000000,679575.000000,0.000000,148115.000000,2,1,0,472489.000000,531460.000000,0.000000,83883.000000,10,1,0,396336.000000,447577.000000,0.000000,94363.000000,6,1,0,324719.000000,353214.000000,0.000000,94718.000000,3,0,0,0.000000,0.000000,0.000000,68649.000000,4,0,0,0.000000,0.000000,0.000000,51012.000000,0,0,0,0.000000,0.000000,0.000000,24257.000000,9,0,0,0.000000,0.000000,0.000000,43229.000000,0,0,0,0.000000,0.000000,0.000000,2821.000000,3,0,0,0.000000,0.000000,0.000000,53684.000000
892,564794.000000,644845.452915,0.000000,1,7,1,0,658990.000000,679575.000000,0.000000,119224.000000,7,1,0,539766.000000,560351.000000,0.000000,96163.000000,10,1,0,402707.000000,464188.000000,0.000000,63834.000000,3,0,0,0.000000,0.000000,0.000000,79646.000000,10,0,0,0.000000,0.000000,0.000000,44433.000000,0,0,0,0.000000,0.000000,0.000000,34164.000000,9,0,0,0.000000,0.000000,0.000000,61984.000000,5,0,0,0.000000,0.000000,0.000000,25033.000000,5,0,0,0.000000,0.000000,0.000000,25030.000000,10,0,0,0.000000,0.000000,0.000000,15283.000000
893,673881.000000,644877.967525,0.000000,1,8,1,0,662245.000000,679575.000000,0.000000,122889.000000,5,1,0,514892.000000,556686.000000,0.000000,105264.000000,9,1,0,418555.000000,451422.000000,0.000000,48626.000000,4,1,0,383883.000000,402796.000000,0.000000,67255.000000,10,0,0,0.000000,0.000000,0.000000,72520.000000,2,0,0,0.000000,0.000000,0.000000,115566.000000,7,1,0,126870.000000,143639.000000,0.000000,29252.000000,4,0,0,0.000000,0.000000,0.000000,62809.000000,5,0,0,0.000000,0.000000,0.000000,26570.000000,0,0,0,0.000000,0.000000,0.000000,23130.000000
894,654795.000000,644889.060403,0.000000,1,7,1,0,658990.000000,679575.000000,0.000000,114483.000000,3,1,0,528773.000000,565092.000000,0.000000,38333.000000,8,1,0,509429.000000,526759.000000,0.000000,130158.000000,10,0,0,0.000000,0.000000,0.000000,76637.000000,4,1,0,296963.000000,317389.000000,0.000000,90200.000000,5,0,0,0.000000,0.000000,0.000000,60766.000000,8,0,0,0.000000,0.000000,0.000000,41049.000000,10,0,0,0.000000,0.000000,0.000000,57223.000000,10,0,0,0.000000,0.000000,0.000000,34184.000000,10,0,0,0.000000,0.000000,0.000000,11762.000000
895,662735.000000,644909.000000,0.000000,1,5,1,0,643306.000000,679575.000000,0.000000,75366.000000,9,1,0,575117.000000,604209.000000,0.000000,116723.000000,8,1,0,470156.000000,487486.000000,0.000000,45176.000000,7,1,0,421725.000000,442310.000000,0.000000,109677.000000,6,0,0,0.000000,0.000000,0.000000,107463.000000,10,0,0,0.000000,0.000000,0.000000,55969.000000,5,0,0,0.000000,0.000000,0.000000,79825.000000,9,0,0,0.000000,0.000000,0.000000,37802.000000,9,0,0,0.000000,0.000000,0.000000,30368.000000,6,0,0,0.000000,0.000000,0.000000,4366.000000
896,664108.000000,644930.427455,0.000000,1,8,1,0,662245.000000,679575.000000,0.000000,98059.000000,0,0,0,0.000000,0.000000,0.000000,59505.000000,0,0,0,0.000000,0.000000,0.000000,52527.000000,10,1,0,408653.000000,469484.000000,0.000000,122839.000000,7,1,0,319417.000000,346645.000000,0.000000,102635.000000,7,1,0,215840.000000,244010.000000,0.000000,41197.000000,0,0,0,0.000000,0.000000,0.000000,39750.000000,1,0,0,0.000000,0.000000,0.000000,52137.000000,0,0,0,0.000000,0.000000,0.000000,65993.000000,0,0,0,0.000000,0.000000,0.000000,29466.000000
897,633818.000000,644918.039019,0.000000,1,8,1,0,662245.000000,679575.000000,0.000000,85121.000000,0,0,0,0.000000,0.000000,0.000000,94497.000000,0,0,0,0.000000,0.000000,0.000000,97469.000000,7,0,0,0.000000,0.000000,0.000000,70848.000000,6,0,0,0.000000,0.000000,0.000000,56542.000000,5,0,0,0.000000,0.000000,0.000000,66690.000000,1,0,0,0.000000,0.000000,0.000000,26526.000000,1,0,0,0.000000,0.000000,0.000000,35640.000000,7,0,0,0.000000,0.000000,0.000000,61175.000000,5,0,0,0.000000,0.000000,0.000000,39310.000000
898,593443.000000,644860.717149,0.000000,1,6,1,0,656706.000000,679575.000000,0.000000,90337.000000,7,1,0,568653.000000,589238.000000,0.000000,98366.000000,10,1,0,432365.000000,490872.000000,0.000000,90982.000000,0,0,0,0.000000,0.000000,0.000000,74420.000000,3,0,0,0.000000,0.000000,0.000000,59912.000000,1,1,0,243323.000000,253706.000000,0.000000,38732.000000,10,0,0,0.000000,0.000000,0.000000,66218.000000,7,0,0,0.000000,0.000000,0.000000,42912.000000,0,0,0,0.000000,0.000000,0.000000,11962.000000,9,0,0,0.000000,0.000000,0.000000,19602.000000
899,655117.000000,644872.125695,0.000000,1,8,1,0,662245.000000,679575.000000,0.000000,143714.000000,1,1,0,528853.000000,535861.000000,0.000000,84890.000000,4,1,0,433058.000000,450971.000000,0.000000,55117.000000,2,0,0,0.000000,0.000000,0.000000,83524.000000,7,0,0,0.000000,0.000000,0.000000,62525.000000,7,0,0,0.000000,0.000000,0.000000,117964.000000,10,0,0,0.000000,0.000000,0.000000,25689.000000,4,0,0,0.000000,0.000000,0.000000,19602.000000,10,0,0,0.000000,0.000000,0.000000,22452.000000,0,0,0,0.000000,0.000000,0.000000,39640.000000
900,634276.000000,644860.352222,0.000000,1,3,1,0,643256.000000,679575.000000,0.000000,48656.000000,5,1,0,594650.000000,630919.000000,0.000000,93577.000000,2,1,0,477087.000000,537342.000000,0.000000,83467.000000,0,0,0,0.000000,0.000000,0.000000,80401.000000,8,1,0,356144.000000,373474.000000,0.000000,74537.000000,3,0,0,0.000000,0.000000,0.000000,102280.000000,7,0,0,0.000000,0.000000,0.000000,76615.000000,6,0,0,0.000000,0.000000,0.000000,43987.000000,3,0,0,0.000000,0.000000,0.000000,28079.000000,9,0,0,0.000000,0.000000,0.000000,2677.000000
901,639050.000000,644853.903441,0.000000,1,6,1,0,656706.000000,679575.000000,0.000000,110151.000000,4,1,0,551511.000000,569424.000000,0.000000,90697.000000,7,1,0,456609.000000,478727.000000,0.000000,77255.000000,2,1,0,338755.000000,398897.000000,0.000000,70271.000000,1,1,1,324165.000000,323476.000000,17235.000000,36843.000000,9,0,0,0.000000,0.000000,0.000000,67231.000000,6,0,0,0.000000,0.000000,0.000000,83122.000000,1,0,0,0.000000,0.000000,0.000000,64705.000000,2,0,0,0.000000,0.000000,0.000000,12463.000000,7,0,0,0.000000,0.000000,0.000000,9077.000000
902,642538.000000,644851.335920,0.000000,1,0,0,0,0.000000,0.000000,0.000000,49334.000000,3,1,0,593922.000000,630241.000000,0.000000,63710.000000,9,1,0,537439.000000,566531.000000,0.000000,131582.000000,4,0,0,0.000000,0.000000,0.000000,68173.000000,7,1,0,344658.000000,364127.000000,0.000000,60144.000000,8,0,0,0.000000,0.000000,0.000000,90254.000000,4,0,0,0.000000,0.000000,0.000000,44809.000000,0,0,0,0.000000,0.000000,0.000000,48248.000000,8,0,0,0.000000,0.000000,0.000000,54724.000000,8,0,0,0.000000,0.000000,0.000000,31560.000000
903,657038.000000,644864.831672,0.000000,1,9,1,0,650483.000000,679575.000000,0.000000,90405.000000,7,1,0,568585.000000,589170.000000,0.000000,142190.000000,1,1,0,439972.000000,446980.000000,0.000000,55062.000000,1,1,0,384910.000000,391918.000000,0.000000,98914.000000,0,0,0,0.000000,0.000000,0.000000,72647.000000,8,0,0,0.000000,0.000000,0.000000,34179.000000,2,0,0,0.000000,0.000000,0.000000,53170.000000,10,0,0,0.000000,0.000000,0.000000,70501.000000,3,0,0,0.000000,0.000000,0.000000,35485.000000,6,0,0,0.000000,0.000000,0.000000,4485.000000
904,626634.000000,644844.664823,0.000000,1,9,1,0,650483.000000,679575.000000,0.000000,105575.000000,3,1,0,537681.000000,574000.000000,0.000000,66652.000000,10,1,0,456107.000000,507348.000000,0.000000,69354.000000,6,1,0,415125.000000,437994.000000,0.000000,125600.000000,7,1,0,291809.000000,312394.000000,0.000000,46792.000000,7,1,0,236986.000000,256622.000000,0.000000,72934.000000,10,0,0,0.000000,0.000000,0.000000,43146.000000,0,0,0,0.000000,0.000000,0.000000,52014.000000,0,0,0,0.000000,0.000000,0.000000,31338.000000,0,0,0,0.000000,0.000000,0.000000,13229.000000
905,640964.000000,644840.376796,0.000000,1,10,1,0,628334.000000,679575.000000,0.000000,105183.000000,4,1,0,556479.000000,574392.000000,0.000000,117421.000000,5,1,0,420702.000000,456971.000000,0.000000,88787.000000,1,1,0,360833.000000,368184.000000,0.000000,87960.000000,1,1,0,272530.000000,280224.000000,0.000000,71532.000000,7,0,0,0.000000,0.000000,0.000000,56193.000000,0,0,0,0.000000,0.000000,0.000000,45411.000000,2,0,0,0.000000,0.000000,0.000000,43680.000000,1,0,0,0.000000,0.000000,0.000000,19311.000000,1,0,0,0.000000,0.000000,0.000000,5486.000000
906,637868.000000,644832.681015,0.000000,1,10,1,0,628334.000000,679575.000000,0.000000,60720.000000,5,1,0,582586.000000,618855.000000,0.000000,54848.000000,10,1,0,508930.000000,564007.000000,0.000000,108337.000000,1,1,0,445575.000000,455670.000000,0.000000,84433.000000,5,1,0,312033.000000,366087.000000,0.000000,85734.000000,8,0,0,0.000000,0.000000,0.000000,72317.000000,0,0,0,0.000000,0.000000,0.000000,48633.000000,8,0,0,0.000000,0.000000,0.000000,51402.000000,1,1,1,84204.000000,64347.000000,30157.000000,20395.000000,3,0,0,0.000000,0.000000,0.000000,20892.000000
907,591020.000000,644773.350606,0.000000,1,1,1,0,672567.000000,679575.000000,0.000000,87087.000000,0,0,0,0.000000,0.000000,0.000000,34947.000000,4,1,0,539628.000000,557541.000000,0.000000,77759.000000,9,1,0,447456.000000,479782.000000,0.000000,37134.000000,7,1,0,411238.000000,435117.000000,0.000000,102442.000000,1,1,0,299709.000000,307746.000000,0.000000,88623.000000,10,0,0,0.000000,0.000000,0.000000,36016.000000,1,0,0,0.000000,0.000000,0.000000,50630.000000,7,0,0,0.000000,0.000000,0.000000,35332.000000,5,0,0,0.000000,0.000000,0.000000,41050.000000
908,674103.000000,644805.651982,0.000000,1,0,0,0,0.000000,0.000000,0.000000,91633.000000,7,1,0,567357.000000,587942.000000,0.000000,86630.000000,0,0,0,0.000000,0.000000,0.000000,46711.000000,0,0,0,0.000000,0.000000,0.000000,141272.000000,0,0,0,0.000000,0.000000,0.000000,91088.000000,8,0,0,0.000000,0.000000,0.000000,94525.000000,9,0,0,0.000000,0.000000,0.000000,87630.000000,10,0,0,0.000000,0.000000,0.000000,22587.000000,9,0,0,0.000000,0.000000,0.000000,7282.000000,9,0,0,0.000000,0.000000,0.000000,4745.000000
909,667647.000000,644830.779978,0.000000,1,4,1,0,661662.000000,679575.000000,0.000000,146817.000000,9,1,0,503666.000000,532758.000000,0.000000,129825.000000,0,0,0,0.000000,0.000000,0.000000,106215.000000,0,0,0,0.000000,0.000000,0.000000,68999.000000,0,0,0,0.000000,0.000000,0.000000,71482.000000,2,0,0,0.000000,0.000000,0.000000,75575.000000,0,0,0,0.000000,0.000000,0.000000,35298.000000,0,0,0,0.000000,0.000000,0.000000,25950.000000,0,0,0,0.000000,0.000000,0.000000,5410.000000,1,0,0,0.000000,0.000000,0.000000,2076.000000
910,617637.000000,644800.896703,0.000000,1,7,1,0,658990.000000,679575.000000,0.000000,103221.000000,1,1,0,569346.000000,576354.000000,0.000000,118933.000000,8,1,0,440091.000000,457421.000000,0.000000,57448.000000,8,1,0,382643.000000,399973.000000,0.000000,67919.000000,2,0,0,0.000000,0.000000,0.000000,57918.000000,1,1,0,257950.000000,265987.000000,0.000000,70246.000000,2,0,0,0.000000,0.000000,0.000000,46901.000000,10,0,0,0.000000,0.000000,0.000000,31511.000000,3,0,0,0.000000,0.000000,0.000000,35952.000000,5,0,0,0.000000,0.000000,0.000000,27588.000000
911,672579.000000,644831.388584,0.000000,1,10,1,0,628334.000000,679575.000000,0.000000,126853.000000,0,0,0,0.000000,0.000000,0.000000,93498.000000,2,1,0,395117.000000,459224.000000,0.000000,95759.000000,10,0,0,0.000000,0.000000,0.000000,97088.000000,0,0,0,0.000000,0.000000,0.000000,71346.000000,3,0,0,0.000000,0.000000,0.000000,54567.000000,5,0,0,0.000000,0.000000,0.000000,68209.000000,4,0,0,0.000000,0.000000,0.000000,36119.000000,8,0,0,0.000000,0.000000,0.000000,23621.000000,8,0,0,0.000000,0.000000,0.000000,5519.000000
912,672963.000000,644862.234649,0.000000,1,4,1,0,661662.000000,679575.000000,0.000000,72531.000000,10,1,0,555803.000000,607044.000000,0.000000,68114.000000,5,1,0,502661.000000,538930.000000,0.000000,114793.000000,5,1,0,377839.000000,421316.000000,0.000000,119932.000000,10,0,0,0.000000,0.000000,0.000000,94843.000000,5,0,0,0.000000,0.000000,0.000000,84577.000000,10,0,0,0.000000,0.000000,0.000000,56993.000000,9,0,0,0.000000,0.000000,0.000000,46350.000000,10,0,0,0.000000,0.000000,0.000000,13912.000000,6,0,0,0.000000,0.000000,0.000000,918.000000
913,665311.000000,644884.631982,0.000000,1,10,1,0,628334.000000,679575.000000,0.000000,120414.000000,5,1,0,519577.000000,559161.000000,0.000000,88621.000000,8,1,0,450900.000000,470540.000000,0.000000,146836.000000,6,0,0,0.000000,0.000000,0.000000,75722.000000,7,0,0,0.000000,0.000000,0.000000,121367.000000,3,0,0,0.000000,0.000000,0.000000,37096.000000,0,0,0,0.000000,0.000000,0.000000,26990.000000,0,0,0,0.000000,0.000000,0.000000,27247.000000,10,0,0,0.000000,0.000000,0.000000,11044.000000,6,0,0,0.000000,0.000000,0.000000,9974.000000
914,674051.000000,644916.542670,0.000000,1,2,1,0,620604.000000,679575.000000,0.000000,50607.000000,0,0,0,0.000000,0.000000,0.000000,95169.000000,5,0,0,0.000000,0.000000,0.000000,84484.000000,10,0,0,0.000000,0.000000,0.000000,146653.000000,0,0,0,0.000000,0.000000,0.000000,121412.000000,5,0,0,0.000000,0.000000,0.000000,69265.000000,0,0,0,0.000000,0.000000,0.000000,36435.000000,9,0,0,0.000000,0.000000,0.000000,18927.000000,7,0,0,0.000000,0.000000,0.000000,38932.000000,1,0,0,0.000000,0.000000,0.000000,12167.000000
915,652863.000000,644925.227322,0.000000,1,9,1,0,650483.000000,679575.000000,0.000000,64163.000000,9,1,0,586320.000000,615412.000000,0.000000,118945.000000,0,0,0,0.000000,0.000000,0.000000,157317.000000,10,0,0,0.000000,0.000000,0.000000,73760.000000,9,0,0,0.000000,0.000000,0.000000,61768.000000,0,0,0,0.000000,0.000000,0.000000,55745.000000,5,0,0,0.000000,0.000000,0.000000,39691.000000,10,0,0,0.000000,0.000000,0.000000,36922.000000,10,0,0,0.000000,0.000000,0.000000,24919.000000,6,0,0,0.000000,0.000000,0.000000,19633.000000
916,650832.000000,644931.675764,0.000000,1,3,1,0,643256.000000,679575.000000,0.000000,136808.000000,6,1,0,519898.000000,542767.000000,0.000000,86685.000000,6,1,0,421791.000000,456082.000000,0.000000,91726.000000,2,0,0,0.000000,0.000000,0.000000,42819.000000,4,1,0,296360.000000,321537.000000,0.000000,54382.000000,0,0,0,0.000000,0.000000,0.000000,68261.000000,1,1,1,189946.000000,182896.000000,17896.000000,72095.000000,7,0,0,0.000000,0.000000,0.000000,34461.000000,1,0,0,0.000000,0.000000,0.000000,33031.000000,1,0,0,0.000000,0.000000,0.000000,12668.000000
917,661691.000000,644949.952017,0.000000,1,2,1,0,620604.000000,679575.000000,0.000000,78881.000000,0,0,0,0.000000,0.000000,0.000000,110043.000000,3,1,0,454332.000000,490651.000000,0.000000,141699.000000,3,0,0,0.000000,0.000000,0.000000,118522.000000,4,1,0,208677.000000,230430.000000,0.000000,40196.000000,1,1,0,181446.000000,188510.000000,0.000000,39519.000000,1,1,0,143623.000000,149721.000000,0.000000,68100.000000,5,0,0,0.000000,0.000000,0.000000,20672.000000,1,1,1,54851.000000,46673.000000,19879.000000,20249.000000,7,0,0,0.000000,0.000000,0.000000,3931.000000
918,653939.000000,644959.744009,0.000000,1,3,1,0,643256.000000,679575.000000,0.000000,85936.000000,5,1,0,557370.000000,593639.000000,0.000000,89536.000000,4,1,0,486190.000000,504103.000000,0.000000,137306.000000,4,1,0,347132.000000,366797.000000,0.000000,88863.000000,0,0,0,0.000000,0.000000,0.000000,50421.000000,7,0,0,0.000000,0.000000,0.000000,41181.000000,8,0,0,0.000000,0.000000,0.000000,58173.000000,0,0,0,0.000000,0.000000,0.000000,60412.000000,2,0,0,0.000000,0.000000,0.000000,13288.000000,3,0,0,0.000000,0.000000,0.000000,28823.000000
919,665783.000000,644982.402612,0.000000,1,10,1,0,628334.000000,679575.000000,0.000000,90851.000000,0,0,0,0.000000,0.000000,0.000000,127952.000000,6,1,0,429351.000000,460772.000000,0.000000,102408.000000,9,0,0,0.000000,0.000000,0.000000,108081.000000,0,0,0,0.000000,0.000000,0.000000,73287.000000,0,0,0,0.000000,0.000000,0.000000,37609.000000,2,0,0,0.000000,0.000000,0.000000,54889.000000,7,0,0,0.000000,0.000000,0.000000,37912.000000,1,0,0,0.000000,0.000000,0.000000,27152.000000,4,0,0,0.000000,0.000000,0.000000,5642.000000
920,639690.000000,644976.650000,0.000000,1,6,1,0,656706.000000,679575.000000,0.000000,108537.000000,9,1,0,541946.000000,571038.000000,0.000000,103069.000000,10,1,0,406496.000000,467969.000000,0.000000,68228.000000,0,0,0,0.000000,0.000000,0.000000,82967.000000,0,0,0,0.000000,0.000000,0.000000,108611.000000,2,0,0,0.000000,0.000000,0.000000,37768.000000,6,0,0,0.000000,0.000000,0.000000,39011.000000,7,0,0,0.000000,0.000000,0.000000,32231.000000,1,0,0,0.000000,0.000000,0.000000,44560.000000,2,0,0,0.000000,0.000000,0.000000,14708.000000
921,645028.000000,644976.705755,0.000000,1,3,1,0,643256.000000,679575.000000,0.000000,79111.000000,5,1,0,563090.000000,600464.000000,0.000000,79587.000000,3,1,0,479938.000000,520877.000000,0.000000,66463.000000,0,0,0,0.000000,0.000000,0.000000,153519.000000,10,0,0,0.000000,0.000000,0.000000,107009.000000,0,0,0,0.000000,0.000000,0.000000,70007.000000,3,0,0,0.000000,0.000000,0.000000,20249.000000,9,0,0,0.000000,0.000000,0.000000,14970.000000,6,0,0,0.000000,0.000000,0.000000,28796.000000,2,0,0,0.000000,0.000000,0.000000,25317.000000
922,621892.000000,644951.668113,0.000000,1,0,0,0,0.000000,0.000000,0.000000,84257.000000,2,1,0,536347.000000,595318.000000,0.000000,101563.000000,0,0,0,0.000000,0.000000,0.000000,79525.000000,9,1,0,379805.000000,414230.000000,0.000000,71839.000000,6,0,0,0.000000,0.000000,0.000000,54958.000000,4,1,0,263344.000000,287433.000000,0.000000,68794.000000,0,0,0,0.000000,0.000000,0.000000,67265.000000,4,0,0,0.000000,0.000000,0.000000,25979.000000,0,0,0,0.000000,0.000000,0.000000,31913.000000,3,0,0,0.000000,0.000000,0.000000,35799.000000
923,635775.000000,644941.725894,0.000000,1,8,1,0,662245.000000,679575.000000,0.000000,89895.000000,6,1,0,566811.000000,589680.000000,0.000000,91507.000000,4,1,0,480260.000000,498173.000000,0.000000,55105.000000,10,1,0,382871.000000,440590.000000,0.000000,76028.000000,7,1,0,338556.000000,367040.000000,0.000000,95797.000000,0,0,0,0.000000,0.000000,0.000000,104560.000000,3,0,0,0.000000,0.000000,0.000000,78076.000000,2,0,0,0.000000,0.000000,0.000000,32661.000000,7,0,0,0.000000,0.000000,0.000000,8698.000000,5,0,0,0.000000,0.000000,0.000000,3448.000000
924,664587.000000,644962.987013,0.000000,1,4,1,0,661662.000000,679575.000000,0.000000,45476.000000,6,1,0,611230.000000,634099.000000,0.000000,89339.000000,10,1,0,493519.000000,544760.000000,0.000000,72612.000000,0,0,0,0.000000,0.000000,0.000000,87116.000000,4,1,0,359098.000000,382355.000000,0.000000,137445.000000,5,0,0,0.000000,0.000000,0.000000,76759.000000,2,0,0,0.000000,0.000000,0.000000,59244.000000,1,0,0,0.000000,0.000000,0.000000,40838.000000,7,0,0,0.000000,0.000000,0.000000,29971.000000,5,0,0,0.000000,0.000000,0.000000,25787.000000
925,626174.000000,644942.674595,0.000000,1,0,0,0,0.000000,0.000000,0.000000,95376.000000,2,1,0,521376.000000,584199.000000,0.000000,113873.000000,1,1,0,463318.000000,470326.000000,0.000000,111481.000000,7,1,0,330361.000000,358845.000000,0.000000,80532.000000,7,0,0,0.000000,0.000000,0.000000,42504.000000,3,0,0,0.000000,0.000000,0.000000,40690.000000,3,0,0,0.000000,0.000000,0.000000,51488.000000,9,0,0,0.000000,0.000000,0.000000,56787.000000,5,0,0,0.000000,0.000000,0.000000,21225.000000,1,0,0,0.000000,0.000000,0.000000,12218.000000
926,578326.000000,644870.734341,0.000000,1,8,1,0,662245.000000,679575.000000,0.000000,141208.000000,8,1,0,517487.000000,538367.000000,0.000000,58437.000000,10,1,0,421423.000000,479930.000000,0.000000,121661.000000,6,1,0,324397.000000,358269.000000,0.000000,28784.000000,0,0,0,0.000000,0.000000,0.000000,36289.000000,3,0,0,0.000000,0.000000,0.000000,59340.000000,0,0,0,0.000000,0.000000,0.000000,21954.000000,4,0,0,0.000000,0.000000,0.000000,30697.000000,6,0,0,0.000000,0.000000,0.000000,16007.000000,1,1,1,78126.000000,47969.000000,30157.000000,33792.000000
927,596991.000000,644819.084142,0.000000,1,0,0,0,0.000000,0.000000,0.000000,106384.000000,1,1,0,566183.000000,573191.000000,0.000000,127503.000000,7,1,0,419365.000000,445688.000000,0.000000,70581.000000,0,0,0,0.000000,0.000000,0.000000,60434.000000,3,0,0,0.000000,0.000000,0.000000,82804.000000,8,0,0,0.000000,0.000000,0.000000,48708.000000,5,0,0,0.000000,0.000000,0.000000,29256.000000,0,0,0,0.000000,0.000000,0.000000,40916.000000,6,0,0,0.000000,0.000000,0.000000,23696.000000,4,0,0,0.000000,0.000000,0.000000,6709.000000
928,679575.000000,644856.536638,0.000000,1,9,1,0,650483.000000,679575.000000,0.000000,73386.000000,8,1,0,588859.000000,606189.000000,0.000000,143673.000000,4,1,0,444103.000000,462516.000000,0.000000,107963.000000,8,1,0,333364.000000,354553.000000,0.000000,134956.000000,3,0,0,0.000000,0.000000,0.000000,54837.000000,7,0,0,0.000000,0.000000,0.000000,50284.000000,7,0,0,0.000000,0.000000,0.000000,61398.000000,0,0,0,0.000000,0.000000,0.000000,34444.000000,5,0,0,0.000000,0.000000,0.000000,14886.000000,0,0,0,0.000000,0.000000,0.000000,3748.000000
929,655364.000000,644867.847147,0.000000,1,0,0,0,0.000000,0.000000,0.000000,84157.000000,8,1,0,578088.000000,595418.000000,0.000000,59369.000000,4,1,0,518136.000000,536049.000000,0.000000,88786.000000,6,1,0,424394.000000,447263.000000,0.000000,104735.000000,4,1,0,321695.000000,342528.000000,0.000000,158843.000000,7,0,0,0.000000,0.000000,0.000000,64934.000000,9,0,0,0.000000,0.000000,0.000000,24791.000000,0,0,0,0.000000,0.000000,0.000000,36893.000000,8,0,0,0.000000,0.000000,0.000000,21658.000000,3,0,0,0.000000,0.000000,0.000000,11198.000000
930,641962.000000,644864.722581,0.000000,1,2,1,0,620604.000000,679575.000000,0.000000,128539.000000,1,1,0,544028.000000,551036.000000,0.000000,48196.000000,0,0,0,0.000000,0.000000,0.000000,97170.000000,7,1,0,385085.000000,403192.000000,0.000000,104086.000000,1,1,0,289620.000000,296628.000000,0.000000,99614.000000,4,0,0,0.000000,0.000000,0.000000,82756.000000,0,0,0,0.000000,0.000000,0.000000,34784.000000,6,0,0,0.000000,0.000000,0.000000,16355.000000,0,0,0,0.000000,0.000000,0.000000,14697.000000,7,0,0,0.000000,0.000000,0.000000,15765.000000
931,659287.000000,644880.213749,0.000000,1,3,1,0,643256.000000,679575.000000,0.000000,87298.000000,6,1,0,569408.000000,592277.000000,0.000000,69527.000000,3,1,0,481707.000000,522750.000000,0.000000,128195.000000,4,0,0,0.000000,0.000000,0.000000,94408.000000,4,0,0,0.000000,0.000000,0.000000,68750.000000,6,0,0,0.000000,0.000000,0.000000,42032.000000,4,0,0,0.000000,0.000000,0.000000,81473.000000,0,0,0,0.000000,0.000000,0.000000,7822.000000,6,0,0,0.000000,0.000000,0.000000,70703.000000,0,0,0,0.000000,0.000000,0.000000,9079.000000
932,596566.000000,644828.374464,0.000000,1,10,1,0,628334.000000,679575.000000,0.000000,125719.000000,6,1,0,530987.000000,553856.000000,0.000000,112821.000000,7,1,0,420450.000000,441035.000000,0.000000,93339.000000,2,0,0,0.000000,0.000000,0.000000,82016.000000,5,0,0,0.000000,0.000000,0.000000,37377.000000,0,0,0,0.000000,0.000000,0.000000,61279.000000,2,0,0,0.000000,0.000000,0.000000,41226.000000,9,0,0,0.000000,0.000000,0.000000,9836.000000,4,0,0,0.000000,0.000000,0.000000,21708.000000,7,0,0,0.000000,0.000000,0.000000,11245.000000
933,638120.000000,644821.184352,0.000000,1,0,0,0,0.000000,0.000000,0.000000,70263.000000,8,1,0,591982.000000,609312.000000,0.000000,107875.000000,8,1,0,484107.000000,501437.000000,0.000000,103376.000000,7,1,0,377476.000000,398061.000000,0.000000,100222.000000,9,0,0,0.000000,0.000000,0.000000,61955.000000,5,0,0,0.000000,0.000000,0.000000,65689.000000,5,0,0,0.000000,0.000000,0.000000,41563.000000,4,0,0,0.000000,0.000000,0.000000,38560.000000,1,0,0,0.000000,0.000000,0.000000,19082.000000,3,0,0,0.000000,0.000000,0.000000,29535.000000
934,642265.000000,644818.447537,0.000000,1,5,1,0,643306.000000,679575.000000,0.000000,57339.000000,9,1,0,593144.000000,622236.000000,0.000000,93022.000000,10,1,0,475096.000000,529214.000000,0.000000,126598.000000,2,1,0,324114.000000,402616.000000,0.000000,127022.000000,7,0,0,0.000000,0.000000,0.000000,74015.000000,2,0,0,0.000000,0.000000,0.000000,40375.000000,10,0,0,0.000000,0.000000,0.000000,48869.000000,3,0,0,0.000000,0.000000,0.000000,24679.000000,0,0,0,0.000000,0.000000,0.000000,42343.000000,9,0,0,0.000000,0.000000,0.000000,8003.000000
935,651942.000000,644826.066310,0.000000,1,0,0,0,0.000000,0.000000,0.000000,116799.000000,1,1,0,555768.000000,562776.000000,0.000000,84520.000000,10,1,0,425977.000000,478256.000000,0.000000,106705.000000,4,1,0,353638.000000,371551.000000,0.000000,137501.000000,0,0,0,0.000000,0.000000,0.000000,99731.000000,2,0,0,0.000000,0.000000,0.000000,24010.000000,10,0,0,0.000000,0.000000,0.000000,34815.000000,4,0,0,0.000000,0.000000,0.000000,27622.000000,7,0,0,0.000000,0.000000,0.000000,9769.000000,5,0,0,0.000000,0.000000,0.000000,10470.000000
936,674425.000000,644857.689103,0.000000,1,2,1,0,620604.000000,679575.000000,0.000000,76332.000000,3,1,0,566924.000000,603243.000000,0.000000,98488.000000,3,1,0,468436.000000,504755.000000,0.000000,145483.000000,0,0,0,0.000000,0.000000,0.000000,64802.000000,9,0,0,0.000000,0.000000,0.000000,86183.000000,3,0,0,0.000000,0.000000,0.000000,54377.000000,5,0,0,0.000000,0.000000,0.000000,83704.000000,5,0,0,0.000000,0.000000,0.000000,31908.000000,0,0,0,0.000000,0.000000,0.000000,12954.000000,4,0,0,0.000000,0.000000,0.000000,20194.000000
937,631935.000000,644843.897545,0.000000,1,2,1,0,620604.000000,679575.000000,0.000000,119685.000000,10,1,0,508649.000000,559890.000000,0.000000,86647.000000,0,0,0,0.000000,0.000000,0.000000,94919.000000,0,0,0,0.000000,0.000000,0.000000,100539.000000,9,0,0,0.000000,0.000000,0.000000,88183.000000,2,0,0,0.000000,0.000000,0.000000,61403.000000,10,0,0,0.000000,0.000000,0.000000,41853.000000,8,0,0,0.000000,0.000000,0.000000,13713.000000,8,0,0,0.000000,0.000000,0.000000,20791.000000,5,0,0,0.000000,0.000000,0.000000,4202.000000
938,631047.000000,644829.188699,0.000000,1,0,0,0,0.000000,0.000000,0.000000,51308.000000,3,1,0,591948.000000,628267.000000,0.000000,57212.000000,8,1,0,553725.000000,571055.000000,0.000000,89857.000000,10,1,0,429957.000000,481198.000000,0.000000,122489.000000,5,1,0,295689.000000,356032.000000,0.000000,97266.000000,5,0,0,0.000000,0.000000,0.000000,51875.000000,3,0,0,0.000000,0.000000,0.000000,72391.000000,0,0,0,0.000000,0.000000,0.000000,21382.000000,6,0,0,0.000000,0.000000,0.000000,36236.000000,0,0,0,0.000000,0.000000,0.000000,31031.000000
939,653657.000000,644838.589989,0.000000,1,8,1,0,662245.000000,679575.000000,0.000000,132404.000000,3,1,0,510852.000000,547171.000000,0.000000,88562.000000,8,0,0,0.000000,0.000000,0.000000,52996.000000,9,0,0,0.000000,0.000000,0.000000,100473.000000,4,0,0,0.000000,0.000000,0.000000,104242.000000,7,0,0,0.000000,0.000000,0.000000,52330.000000,0,0,0,0.000000,0.000000,0.000000,28880.000000,8,0,0,0.000000,0.000000,0.000000,61045.000000,10,0,0,0.000000,0.000000,0.000000,10907.000000,0,0,0,0.000000,0.000000,0.000000,21818.000000
940,637120.000000,644830.378723,0.000000,1,8,1,0,662245.000000,679575.000000,0.000000,83848.000000,10,1,0,544486.000000,595727.000000,0.000000,96837.000000,10,1,0,439018.000000,498890.000000,0.000000,52027.000000,0,0,0,0.000000,0.000000,0.000000,69719.000000,4,1,0,352319.000000,375320.000000,0.000000,95151.000000,1,1,0,263777.000000,271972.000000,0.000000,50130.000000,1,1,0,209174.000000,217369.000000,0.000000,51908.000000,9,0,0,0.000000,0.000000,0.000000,55905.000000,4,0,0,0.000000,0.000000,0.000000,15057.000000,9,0,0,0.000000,0.000000,0.000000,66538.000000
941,669708.000000,644856.816153,0.000000,1,3,1,0,643256.000000,679575.000000,0.000000,49733.000000,0,0,0,0.000000,0.000000,0.000000,107720.000000,6,1,0,487831.000000,522122.000000,0.000000,82174.000000,7,0,0,0.000000,0.000000,0.000000,88547.000000,6,0,0,0.000000,0.000000,0.000000,79450.000000,8,1,0,251071.000000,263599.000000,0.000000,70734.000000,4,0,0,0.000000,0.000000,0.000000,77051.000000,1,0,0,0.000000,0.000000,0.000000,50094.000000,7,0,0,0.000000,0.000000,0.000000,39691.000000,0,0,0,0.000000,0.000000,0.000000,24514.000000
942,679575.000000,644893.671975,0.000000,2,10,1,0,628334.000000,679575.000000,0.000000,105049.000000,8,1,0,557196.000000,574526.000000,0.000000,98455.000000,10,1,0,419076.000000,476071.000000,0.000000,105771.000000,1,1,0,360205.000000,370300.000000,0.000000,111119.000000,6,0,0,0.000000,0.000000,0.000000,82827.000000,6,0,0,0.000000,0.000000,0.000000,82125.000000,5,0,0,0.000000,0.000000,0.000000,66997.000000,3,0,0,0.000000,0.000000,0.000000,18045.000000,10,0,0,0.000000,0.000000,0.000000,9187.000000,0,0,0,0.000000,0.000000,0.000000,0.000000
943,650901.000000,644900.042418,0.000000,1,3,1,0,643256.000000,679575.000000,0.000000,58171.000000,4,1,0,603491.000000,621404.000000,0.000000,92962.000000,1,1,0,521434.000000,528442.000000,0.000000,137953.000000,4,0,0,0.000000,0.000000,0.000000,68736.000000,10,0,0,0.000000,0.000000,0.000000,116843.000000,10,0,0,0.000000,0.000000,0.000000,36301.000000,10,0,0,0.000000,0.000000,0.000000,39800.000000,10,0,0,0.000000,0.000000,0.000000,45992.000000,7,0,0,0.000000,0.000000,0.000000,23921.000000,5,0,0,0.000000,0.000000,0.000000,30222.000000
944,596483.000000,644848.753178,0.000000,1,7,1,0,658990.000000,679575.000000,0.000000,56241.000000,10,1,0,572093.000000,623334.000000,0.000000,148144.000000,0,0,0,0.000000,0.000000,0.000000,87247.000000,7,0,0,0.000000,0.000000,0.000000,93414.000000,3,0,0,0.000000,0.000000,0.000000,67165.000000,4,0,0,0.000000,0.000000,0.000000,42689.000000,7,0,0,0.000000,0.000000,0.000000,22286.000000,9,0,0,0.000000,0.000000,0.000000,52689.000000,1,0,0,0.000000,0.000000,0.000000,21283.000000,6,0,0,0.000000,0.000000,0.000000,5325.000000
945,630176.000000,644833.226455,0.000000,1,2,1,0,620604.000000,679575.000000,0.000000,36573.000000,1,1,0,635994.000000,643002.000000,0.000000,162952.000000,5,1,0,443781.000000,480050.000000,0.000000,49238.000000,3,1,0,394493.000000,430812.000000,0.000000,70376.000000,0,0,0,0.000000,0.000000,0.000000,78290.000000,4,1,0,264233.000000,274668.000000,0.000000,63759.000000,10,0,0,0.000000,0.000000,0.000000,68534.000000,8,0,0,0.000000,0.000000,0.000000,44574.000000,9,0,0,0.000000,0.000000,0.000000,29008.000000,6,0,0,0.000000,0.000000,0.000000,26872.000000
946,676077.000000,644866.253700,0.000000,1,10,1,0,628334.000000,679575.000000,0.000000,142871.000000,9,1,0,505323.000000,536704.000000,0.000000,82808.000000,0,0,0,0.000000,0.000000,0.000000,104817.000000,2,0,0,0.000000,0.000000,0.000000,123136.000000,10,0,0,0.000000,0.000000,0.000000,83963.000000,9,0,0,0.000000,0.000000,0.000000,64951.000000,4,0,0,0.000000,0.000000,0.000000,29122.000000,10,0,0,0.000000,0.000000,0.000000,15228.000000,10,0,0,0.000000,0.000000,0.000000,19989.000000,8,0,0,0.000000,0.000000,0.000000,9192.000000
947,621247.000000,644841.312566,0.000000,1,7,1,0,658990.000000,679575.000000,0.000000,120902.000000,5,1,0,522404.000000,558673.000000,0.000000,90772.000000,3,1,0,431582.000000,467901.000000,0.000000,121469.000000,1,1,0,339424.000000,346432.000000,0.000000,84398.000000,4,1,0,244121.000000,262034.000000,0.000000,53713.000000,0,0,0,0.000000,0.000000,0.000000,39116.000000,6,0,0,0.000000,0.000000,0.000000,32835.000000,6,0,0,0.000000,0.000000,0.000000,43958.000000,10,0,0,0.000000,0.000000,0.000000,29365.000000,7,0,0,0.000000,0.000000,0.000000,4719.000000
948,602154.000000,644796.283755,0.000000,1,1,1,0,672567.000000,679575.000000,0.000000,81201.000000,9,1,0,569282.000000,598374.000000,0.000000,94185.000000,4,1,0,486276.000000,504189.000000,0.000000,85766.000000,8,1,0,401093.000000,418423.000000,0.000000,101098.000000,10,0,0,0.000000,0.000000,0.000000,87317.000000,6,0,0,0.000000,0.000000,0.000000,81640.000000,0,0,0,0.000000,0.000000,0.000000,29032.000000,9,0,0,0.000000,0.000000,0.000000,5271.000000,8,0,0,0.000000,0.000000,0.000000,19803.000000,0,0,0,0.000000,0.000000,0.000000,16841.000000
949,660836.000000,644813.185458,0.000000,1,2,1,0,620604.000000,679575.000000,0.000000,132001.000000,7,1,0,526989.000000,547574.000000,0.000000,88942.000000,0,0,0,0.000000,0.000000,0.000000,94402.000000,0,0,0,0.000000,0.000000,0.000000,86681.000000,10,0,0,0.000000,0.000000,0.000000,80772.000000,3,0,0,0.000000,0.000000,0.000000,55664.000000,5,0,0,0.000000,0.000000,0.000000,57750.000000,10,0,0,0.000000,0.000000,0.000000,36566.000000,0,0,0,0.000000,0.000000,0.000000,20664.000000,10,0,0,0.000000,0.000000,0.000000,7394.000000
950,625341.000000,644792.688421,0.000000,1,3,1,0,643256.000000,679575.000000,0.000000,113428.000000,5,1,0,526563.000000,566147.000000,0.000000,87389.000000,1,1,0,471750.000000,478758.000000,0.000000,92649.000000,0,0,0,0.000000,0.000000,0.000000,64956.000000,10,0,0,0.000000,0.000000,0.000000,75953.000000,9,0,0,0.000000,0.000000,0.000000,42387.000000,0,0,0,0.000000,0.000000,0.000000,48321.000000,6,0,0,0.000000,0.000000,0.000000,48971.000000,2,0,0,0.000000,0.000000,0.000000,29740.000000,6,0,0,0.000000,0.000000,0.000000,21547.000000
951,580737.000000,644725.332282,0.000000,1,0,0,0,0.000000,0.000000,0.000000,89181.000000,0,0,0,0.000000,0.000000,0.000000,46555.000000,4,1,0,525926.000000,543839.000000,0.000000,67745.000000,3,1,0,439775.000000,476094.000000,0.000000,96324.000000,5,1,0,330241.000000,379770.000000,0.000000,62420.000000,0,0,0,0.000000,0.000000,0.000000,49397.000000,0,0,0,0.000000,0.000000,0.000000,27531.000000,2,0,0,0.000000,0.000000,0.000000,56518.000000,0,0,0,0.000000,0.000000,0.000000,34445.000000,9,0,0,0.000000,0.000000,0.000000,50621.000000
952,666054.000000,644747.736345,0.000000,1,9,1,0,650483.000000,679575.000000,0.000000,71727.000000,5,1,0,571579.000000,607848.000000,0.000000,119848.000000,6,1,0,465131.000000,488000.000000,0.000000,98628.000000,0,0,0,0.000000,0.000000,0.000000,87695.000000,5,0,0,0.000000,0.000000,0.000000,51742.000000,3,0,0,0.000000,0.000000,0.000000,104544.000000,2,0,0,0.000000,0.000000,0.000000,32535.000000,0,0,0,0.000000,0.000000,0.000000,64278.000000,5,0,0,0.000000,0.000000,0.000000,13617.000000,2,0,0,0.000000,0.000000,0.000000,21440.000000
953,659594.000000,644763.314795,0.000000,1,3,1,0,643256.000000,679575.000000,0.000000,150310.000000,10,1,0,478024.000000,529265.000000,0.000000,110166.000000,10,0,0,0.000000,0.000000,0.000000,132436.000000,1,0,0,0.000000,0.000000,0.000000,79972.000000,0,0,0,0.000000,0.000000,0.000000,68052.000000,0,0,0,0.000000,0.000000,0.000000,49821.000000,0,0,0,0.000000,0.000000,0.000000,19250.000000,0,0,0,0.000000,0.000000,0.000000,22912.000000,0,0,0,0.000000,0.000000,0.000000,25757.000000,4,0,0,0.000000,0.000000,0.000000,918.000000
954,641995.000000,644760.412998,0.000000,1,9,1,0,650483.000000,679575.000000,0.000000,123489.000000,2,1,0,497115.000000,556086.000000,0.000000,168987.000000,8,0,0,0.000000,0.000000,0.000000,81519.000000,6,0,0,0.000000,0.000000,0.000000,56688.000000,9,0,0,0.000000,0.000000,0.000000,56729.000000,0,0,0,0.000000,0.000000,0.000000,57596.000000,3,0,0,0.000000,0.000000,0.000000,46571.000000,8,0,0,0.000000,0.000000,0.000000,17239.000000,8,0,0,0.000000,0.000000,0.000000,29467.000000,7,0,0,0.000000,0.000000,0.000000,3710.000000
955,617412.000000,644731.775916,0.000000,1,7,1,0,658990.000000,679575.000000,0.000000,112569.000000,8,1,0,549676.000000,567006.000000,0.000000,87885.000000,6,1,0,456252.000000,479121.000000,0.000000,71932.000000,4,1,0,389276.000000,407189.000000,0.000000,120193.000000,0,0,0,0.000000,0.000000,0.000000,68167.000000,8,0,0,0.000000,0.000000,0.000000,55641.000000,0,0,0,0.000000,0.000000,0.000000,52505.000000,1,0,0,0.000000,0.000000,0.000000,20197.000000,2,0,0,0.000000,0.000000,0.000000,18357.000000,8,0,0,0.000000,0.000000,0.000000,9966.000000
956,651772.000000,644739.140167,0.000000,1,4,1,0,661662.000000,679575.000000,0.000000,77127.000000,0,0,0,0.000000,0.000000,0.000000,143284.000000,8,1,0,441834.000000,459164.000000,0.000000,124445.000000,9,0,0,0.000000,0.000000,0.000000,137963.000000,10,0,0,0.000000,0.000000,0.000000,59937.000000,0,0,0,0.000000,0.000000,0.000000,19294.000000,10,0,0,0.000000,0.000000,0.000000,48016.000000,9,0,0,0.000000,0.000000,0.000000,11396.000000,7,0,0,0.000000,0.000000,0.000000,14141.000000,3,0,0,0.000000,0.000000,0.000000,16169.000000
957,665205.000000,644760.525601,0.000000,1,5,1,0,643306.000000,679575.000000,0.000000,124572.000000,10,1,0,498967.000000,555003.000000,0.000000,111451.000000,9,1,0,406910.000000,443552.000000,0.000000,67587.000000,8,1,0,353245.000000,375965.000000,0.000000,100678.000000,6,0,0,0.000000,0.000000,0.000000,65830.000000,5,0,0,0.000000,0.000000,0.000000,68024.000000,1,1,0,129514.000000,139609.000000,0.000000,48008.000000,0,0,0,0.000000,0.000000,0.000000,8398.000000,5,0,0,0.000000,0.000000,0.000000,22931.000000,1,0,0,0.000000,0.000000,0.000000,47726.000000
958,639943.000000,644755.496868,0.000000,1,9,1,0,650483.000000,679575.000000,0.000000,174698.000000,4,1,0,486964.000000,504877.000000,0.000000,49928.000000,6,1,0,425060.000000,454949.000000,0.000000,67935.000000,3,0,0,0.000000,0.000000,0.000000,84688.000000,7,0,0,0.000000,0.000000,0.000000,74112.000000,1,0,0,0.000000,0.000000,0.000000,71272.000000,7,0,0,0.000000,0.000000,0.000000,26973.000000,10,0,0,0.000000,0.000000,0.000000,50159.000000,4,0,0,0.000000,0.000000,0.000000,29879.000000,9,0,0,0.000000,0.000000,0.000000,10299.000000
959,664944.000000,644776.548488,0.000000,1,9,1,0,650483.000000,679575.000000,0.000000,138739.000000,7,1,0,520251.000000,540836.000000,0.000000,104547.000000,1,1,0,429281.000000,436289.000000,0.000000,120746.000000,0,0,0,0.000000,0.000000,0.000000,76453.000000,9,0,0,0.000000,0.000000,0.000000,52452.000000,7,0,0,0.000000,0.000000,0.000000,43433.000000,10,0,0,0.000000,0.000000,0.000000,53639.000000,3,0,0,0.000000,0.000000,0.000000,42913.000000,10,0,0,0.000000,0.000000,0.000000,23533.000000,0,0,0,0.000000,0.000000,0.000000,8489.000000
960,663060.000000,644795.593750,0.000000,1,6,1,0,656706.000000,679575.000000,0.000000,73561.000000,2,1,0,547043.000000,606014.000000,0.000000,127799.000000,5,1,0,441946.000000,478215.000000,0.000000,101764.000000,9,1,0,342781.000000,376451.000000,0.000000,79793.000000,8,1,0,277018.000000,296658.000000,0.000000,60618.000000,0,0,0,0.000000,0.000000,0.000000,88346.000000,0,0,0,0.000000,0.000000,0.000000,36102.000000,3,0,0,0.000000,0.000000,0.000000,51361.000000,0,0,0,0.000000,0.000000,0.000000,26219.000000,3,0,0,0.000000,0.000000,0.000000,17497.000000
961,654991.000000,644806.202914,0.000000,1,9,1,0,650483.000000,679575.000000,0.000000,84641.000000,7,1,0,574349.000000,594934.000000,0.000000,117133.000000,4,1,0,459888.000000,477801.000000,0.000000,134521.000000,0,0,0,0.000000,0.000000,0.000000,100225.000000,3,0,0,0.000000,0.000000,0.000000,45096.000000,5,0,0,0.000000,0.000000,0.000000,45382.000000,6,0,0,0.000000,0.000000,0.000000,75089.000000,4,0,0,0.000000,0.000000,0.000000,35475.000000,9,0,0,0.000000,0.000000,0.000000,12584.000000,4,0,0,0.000000,0.000000,0.000000,4845.000000
962,655089.000000,644816.891892,0.000000,1,2,1,0,620604.000000,679575.000000,0.000000,108164.000000,5,1,0,532932.000000,571411.000000,0.000000,144123.000000,0,0,0,0.000000,0.000000,0.000000,90501.000000,5,1,0,280523.000000,336787.000000,0.000000,93619.000000,9,0,0,0.000000,0.000000,0.000000,54382.000000,5,0,0,0.000000,0.000000,0.000000,60128.000000,2,0,0,0.000000,0.000000,0.000000,38171.000000,5,0,0,0.000000,0.000000,0.000000,29464.000000,2,0,0,0.000000,0.000000,0.000000,25340.000000,4,0,0,0.000000,0.000000,0.000000,11197.000000
963,663746.000000,644836.548287,0.000000,1,5,1,0,643306.000000,679575.000000,0.000000,120235.000000,0,0,0,0.000000,0.000000,0.000000,102837.000000,7,1,0,435918.000000,456503.000000,0.000000,103298.000000,2,0,0,0.000000,0.000000,0.000000,88097.000000,6,0,0,0.000000,0.000000,0.000000,50815.000000,1,1,0,204464.000000,211472.000000,0.000000,74465.000000,4,0,0,0.000000,0.000000,0.000000,57449.000000,0,0,0,0.000000,0.000000,0.000000,42432.000000,9,0,0,0.000000,0.000000,0.000000,12834.000000,10,0,0,0.000000,0.000000,0.000000,11284.000000
964,664707.000000,644857.160788,0.000000,1,8,1,0,662245.000000,679575.000000,0.000000,186056.000000,9,0,0,0.000000,0.000000,0.000000,64439.000000,10,0,0,0.000000,0.000000,0.000000,130147.000000,7,1,0,271391.000000,298933.000000,0.000000,44272.000000,9,0,0,0.000000,0.000000,0.000000,36770.000000,7,1,0,189093.000000,205159.000000,0.000000,53153.000000,0,0,0,0.000000,0.000000,0.000000,75555.000000,5,0,0,0.000000,0.000000,0.000000,42779.000000,8,0,0,0.000000,0.000000,0.000000,24102.000000,2,0,0,0.000000,0.000000,0.000000,7434.000000
965,666458.000000,644879.545078,0.000000,1,0,0,0,0.000000,0.000000,0.000000,48664.000000,9,1,0,601819.000000,630911.000000,0.000000,40959.000000,8,1,0,572622.000000,589952.000000,0.000000,103486.000000,3,1,0,449377.000000,486466.000000,0.000000,156707.000000,0,0,0,0.000000,0.000000,0.000000,81092.000000,5,0,0,0.000000,0.000000,0.000000,109786.000000,7,0,0,0.000000,0.000000,0.000000,26582.000000,2,0,0,0.000000,0.000000,0.000000,42858.000000,1,0,0,0.000000,0.000000,0.000000,37363.000000,6,0,0,0.000000,0.000000,0.000000,18961.000000
966,631146.000000,644865.328157,0.000000,1,0,0,0,0.000000,0.000000,0.000000,69278.000000,0,0,0,0.000000,0.000000,0.000000,79994.000000,5,1,0,478417.000000,530303.000000,0.000000,107233.000000,10,0,0,0.000000,0.000000,0.000000,59664.000000,2,0,0,0.000000,0.000000,0.000000,74047.000000,1,1,0,264115.000000,271123.000000,0.000000,45970.000000,10,0,0,0.000000,0.000000,0.000000,90251.000000,5,0,0,0.000000,0.000000,0.000000,46942.000000,9,0,0,0.000000,0.000000,0.000000,21992.000000,5,0,0,0.000000,0.000000,0.000000,35775.000000
967,652544.000000,644873.268873,0.000000,1,7,1,0,658990.000000,679575.000000,0.000000,75789.000000,2,1,0,544815.000000,603786.000000,0.000000,63368.000000,7,1,0,518300.000000,540418.000000,0.000000,72077.000000,1,1,0,461333.000000,468341.000000,0.000000,111407.000000,0,0,0,0.000000,0.000000,0.000000,50569.000000,6,0,0,0.000000,0.000000,0.000000,135587.000000,1,1,0,150988.000000,158010.000000,0.000000,47860.000000,0,0,0,0.000000,0.000000,0.000000,51994.000000,1,0,0,0.000000,0.000000,0.000000,24325.000000,5,0,0,0.000000,0.000000,0.000000,19568.000000
968,619575.000000,644847.134298,0.000000,1,5,1,0,643306.000000,679575.000000,0.000000,48177.000000,3,1,0,595079.000000,631398.000000,0.000000,87337.000000,0,0,0,0.000000,0.000000,0.000000,84718.000000,3,1,0,408741.000000,459343.000000,0.000000,74036.000000,0,0,0,0.000000,0.000000,0.000000,75108.000000,10,0,0,0.000000,0.000000,0.000000,113054.000000,0,0,0,0.000000,0.000000,0.000000,24395.000000,10,0,0,0.000000,0.000000,0.000000,57508.000000,0,0,0,0.000000,0.000000,0.000000,15508.000000,0,0,0,0.000000,0.000000,0.000000,39734.000000
969,637260.000000,644839.304438,0.000000,1,1,1,0,672567.000000,679575.000000,0.000000,121095.000000,7,1,0,537895.000000,558480.000000,0.000000,62448.000000,6,1,0,473163.000000,496032.000000,0.000000,118272.000000,7,1,0,350512.000000,375185.000000,0.000000,77451.000000,8,0,0,0.000000,0.000000,0.000000,45261.000000,3,0,0,0.000000,0.000000,0.000000,63151.000000,3,0,0,0.000000,0.000000,0.000000,66719.000000,8,0,0,0.000000,0.000000,0.000000,28294.000000,7,0,0,0.000000,0.000000,0.000000,40135.000000,4,0,0,0.000000,0.000000,0.000000,14434.000000
970,620049.000000,644813.747423,0.000000,1,4,1,0,661662.000000,679575.000000,0.000000,121626.000000,7,1,0,530721.000000,557949.000000,0.000000,75364.000000,1,1,0,475577.000000,482585.000000,0.000000,103828.000000,4,1,0,356999.000000,376080.000000,0.000000,58884.000000,10,0,0,0.000000,0.000000,0.000000,102260.000000,0,0,0,0.000000,0.000000,0.000000,42951.000000,2,0,0,0.000000,0.000000,0.000000,26052.000000,8,0,0,0.000000,0.000000,0.000000,37520.000000,8,0,0,0.000000,0.000000,0.000000,24332.000000,4,0,0,0.000000,0.000000,0.000000,27232.000000
971,668127.000000,644837.756952,0.000000,1,2,1,0,620604.000000,679575.000000,0.000000,85709.000000,3,1,0,557547.000000,593866.000000,0.000000,149917.000000,6,1,0,416400.000000,443949.000000,0.000000,142967.000000,9,0,0,0.000000,0.000000,0.000000,110528.000000,6,0,0,0.000000,0.000000,0.000000,56373.000000,9,0,0,0.000000,0.000000,0.000000,54368.000000,0,0,0,0.000000,0.000000,0.000000,11861.000000,4,0,0,0.000000,0.000000,0.000000,14501.000000,1,0,0,0.000000,0.000000,0.000000,24986.000000,6,0,0,0.000000,0.000000,0.000000,16917.000000
972,649839.000000,644842.902263,0.000000,1,3,1,0,643256.000000,679575.000000,0.000000,103974.000000,5,1,0,539332.000000,575601.000000,0.000000,86802.000000,10,1,0,437558.000000,488799.000000,0.000000,90681.000000,10,1,0,343041.000000,398118.000000,0.000000,42826.000000,6,1,0,324366.000000,350336.000000,0.000000,37303.000000,10,0,0,0.000000,0.000000,0.000000,131303.000000,0,0,0,0.000000,0.000000,0.000000,83811.000000,0,0,0,0.000000,0.000000,0.000000,14864.000000,3,0,0,0.000000,0.000000,0.000000,26651.000000,0,0,0,0.000000,0.000000,0.000000,31624.000000
973,639419.000000,644837.327852,0.000000,1,4,1,0,661662.000000,679575.000000,0.000000,75875.000000,10,1,0,552459.000000,603700.000000,0.000000,74478.000000,5,1,0,486323.000000,529222.000000,0.000000,84638.000000,0,0,0,0.000000,0.000000,0.000000,123454.000000,5,0,0,0.000000,0.000000,0.000000,84983.000000,2,0,0,0.000000,0.000000,0.000000,41787.000000,10,0,0,0.000000,0.000000,0.000000,67322.000000,2,0,0,0.000000,0.000000,0.000000,51432.000000,8,0,0,0.000000,0.000000,0.000000,22856.000000,5,0,0,0.000000,0.000000,0.000000,12594.000000
974,616280.000000,644808.008214,0.000000,1,5,1,0,643306.000000,679575.000000,0.000000,150652.000000,6,1,0,506054.000000,528923.000000,0.000000,65240.000000,2,1,0,401555.000000,463683.000000,0.000000,77901.000000,4,1,0,367869.000000,385782.000000,0.000000,82303.000000,4,1,0,276046.000000,303479.000000,0.000000,28868.000000,3,0,0,0.000000,0.000000,0.000000,69041.000000,10,0,0,0.000000,0.000000,0.000000,60300.000000,6,0,0,0.000000,0.000000,0.000000,14287.000000,0,0,0,0.000000,0.000000,0.000000,29076.000000,0,0,0,0.000000,0.000000,0.000000,38612.000000
975,674619.000000,644838.583590,0.000000,1,1,1,0,672567.000000,679575.000000,0.000000,131480.000000,9,1,0,519003.000000,548095.000000,0.000000,150113.000000,1,1,0,390974.000000,397982.000000,0.000000,74761.000000,5,0,0,0.000000,0.000000,0.000000,89809.000000,0,0,0,0.000000,0.000000,0.000000,63935.000000,4,0,0,0.000000,0.000000,0.000000,23283.000000,7,0,0,0.000000,0.000000,0.000000,52091.000000,6,0,0,0.000000,0.000000,0.000000,16276.000000,2,0,0,0.000000,0.000000,0.000000,47825.000000,4,0,0,0.000000,0.000000,0.000000,25046.000000
976,657273.000000,644851.323770,0.000000,1,9,1,0,650483.000000,679575.000000,0.000000,125322.000000,3,1,0,514391.000000,554253.000000,0.000000,100533.000000,8,1,0,434080.000000,453720.000000,0.000000,124011.000000,10,0,0,0.000000,0.000000,0.000000,115901.000000,10,0,0,0.000000,0.000000,0.000000,52341.000000,5,0,0,0.000000,0.000000,0.000000,53496.000000,4,0,0,0.000000,0.000000,0.000000,33900.000000,2,0,0,0.000000,0.000000,0.000000,24312.000000,0,0,0,0.000000,0.000000,0.000000,17545.000000,0,0,0,0.000000,0.000000,0.000000,9912.000000
977,617667.000000,644823.499488,0.000000,1,0,0,0,0.000000,0.000000,0.000000,117192.000000,8,1,0,545053.000000,562383.000000,0.000000,78429.000000,9,1,0,449577.000000,483954.000000,0.000000,109898.000000,5,0,0,0.000000,0.000000,0.000000,104763.000000,0,0,0,0.000000,0.000000,0.000000,96485.000000,0,0,0,0.000000,0.000000,0.000000,35974.000000,7,0,0,0.000000,0.000000,0.000000,47181.000000,8,0,0,0.000000,0.000000,0.000000,8412.000000,6,0,0,0.000000,0.000000,0.000000,12690.000000,1,0,0,0.000000,0.000000,0.000000,6643.000000
978,639730.000000,644818.291411,0.000000,1,5,1,0,643306.000000,679575.000000,0.000000,169362.000000,8,1,0,492883.000000,510213.000000,0.000000,132553.000000,4,1,0,359747.000000,377660.000000,0.000000,67525.000000,6,0,0,0.000000,0.000000,0.000000,81206.000000,8,1,0,211599.000000,228929.000000,0.000000,78875.000000,2,0,0,0.000000,0.000000,0.000000,55251.000000,9,0,0,0.000000,0.000000,0.000000,18942.000000,5,0,0,0.000000,0.000000,0.000000,19683.000000,4,0,0,0.000000,0.000000,0.000000,16333.000000,6,0,0,0.000000,0.000000,0.000000,0.000000
979,601428.000000,644773.970378,0.000000,1,5,1,0,643306.000000,679575.000000,0.000000,84142.000000,3,1,0,559114.000000,595433.000000,0.000000,73055.000000,0,0,0,0.000000,0.000000,0.000000,76725.000000,5,1,0,395998.000000,443004.000000,0.000000,65783.000000,9,0,0,0.000000,0.000000,0.000000,62074.000000,4,1,0,282945.000000,299796.000000,0.000000,97228.000000,2,0,0,0.000000,0.000000,0.000000,53624.000000,7,0,0,0.000000,0.000000,0.000000,35497.000000,5,0,0,0.000000,0.000000,0.000000,9934.000000,9,0,0,0.000000,0.000000,0.000000,43366.000000
980,666700.000000,644796.343878,0.000000,1,9,1,0,650483.000000,679575.000000,0.000000,73831.000000,3,1,0,569425.000000,605744.000000,0.000000,116934.000000,0,0,0,0.000000,0.000000,0.000000,125955.000000,3,0,0,0.000000,0.000000,0.000000,91589.000000,0,0,0,0.000000,0.000000,0.000000,78911.000000,5,0,0,0.000000,0.000000,0.000000,61181.000000,1,1,0,121433.000000,128525.000000,0.000000,32126.000000,0,0,0,0.000000,0.000000,0.000000,50908.000000,2,0,0,0.000000,0.000000,0.000000,21240.000000,9,0,0,0.000000,0.000000,0.000000,14025.000000
981,654198.000000,644805.927625,0.000000,1,1,1,0,672567.000000,679575.000000,0.000000,101400.000000,5,1,0,541906.000000,578175.000000,0.000000,119333.000000,2,1,0,393138.000000,458842.000000,0.000000,144791.000000,6,0,0,0.000000,0.000000,0.000000,96129.000000,7,0,0,0.000000,0.000000,0.000000,58679.000000,4,0,0,0.000000,0.000000,0.000000,32381.000000,2,0,0,0.000000,0.000000,0.000000,43292.000000,6,0,0,0.000000,0.000000,0.000000,41966.000000,8,0,0,0.000000,0.000000,0.000000,6315.000000,5,0,0,0.000000,0.000000,0.000000,9912.000000
982,611945.000000,644772.464358,0.000000,1,0,0,0,0.000000,0.000000,0.000000,156996.000000,6,1,0,492690.000000,522579.000000,0.000000,65596.000000,4,1,0,438486.000000,456983.000000,0.000000,77651.000000,2,0,0,0.000000,0.000000,0.000000,79146.000000,2,0,0,0.000000,0.000000,0.000000,28705.000000,0,0,0,0.000000,0.000000,0.000000,27109.000000,0,0,0,0.000000,0.000000,0.000000,48618.000000,0,0,0,0.000000,0.000000,0.000000,52738.000000,2,0,0,0.000000,0.000000,0.000000,54645.000000,4,0,0,0.000000,0.000000,0.000000,20741.000000
983,667832.000000,644795.922686,0.000000,1,0,0,0,0.000000,0.000000,0.000000,128771.000000,8,1,0,533474.000000,550804.000000,0.000000,113496.000000,0,0,0,0.000000,0.000000,0.000000,100057.000000,9,0,0,0.000000,0.000000,0.000000,87340.000000,0,0,0,0.000000,0.000000,0.000000,104937.000000,0,0,0,0.000000,0.000000,0.000000,46299.000000,10,0,0,0.000000,0.000000,0.000000,34556.000000,7,0,0,0.000000,0.000000,0.000000,29025.000000,6,0,0,0.000000,0.000000,0.000000,1918.000000,0,0,0,0.000000,0.000000,0.000000,21433.000000
984,646040.000000,644797.186992,0.000000,1,5,1,0,643306.000000,679575.000000,0.000000,53136.000000,5,1,0,590170.000000,626439.000000,0.000000,50416.000000,2,1,0,517052.000000,576023.000000,0.000000,154816.000000,10,0,0,0.000000,0.000000,0.000000,51477.000000,4,1,0,349317.000000,367830.000000,0.000000,107902.000000,10,0,0,0.000000,0.000000,0.000000,70853.000000,8,0,0,0.000000,0.000000,0.000000,78925.000000,9,0,0,0.000000,0.000000,0.000000,22870.000000,2,0,0,0.000000,0.000000,0.000000,37204.000000,5,0,0,0.000000,0.000000,0.000000,18441.000000
985,661530.000000,644814.174619,0.000000,1,10,1,0,628334.000000,679575.000000,0.000000,95519.000000,10,1,0,525143.000000,584056.000000,0.000000,79670.000000,3,1,0,465705.000000,504386.000000,0.000000,51047.000000,1,1,0,443244.000000,453339.000000,0.000000,79970.000000,0,0,0,0.000000,0.000000,0.000000,87156.000000,0,0,0,0.000000,0.000000,0.000000,92744.000000,4,1,0,169380.000000,193469.000000,0.000000,35813.000000,10,0,0,0.000000,0.000000,0.000000,58874.000000,0,0,0,0.000000,0.000000,0.000000,51104.000000,0,0,0,0.000000,0.000000,0.000000,29633.000000
986,662229.000000,644831.836714,0.000000,1,4,1,0,661662.000000,679575.000000,0.000000,97149.000000,6,1,0,557419.000000,582426.000000,0.000000,99991.000000,10,1,0,423831.000000,482435.000000,0.000000,98681.000000,3,1,0,329872.000000,383754.000000,0.000000,106256.000000,7,0,0,0.000000,0.000000,0.000000,85491.000000,8,0,0,0.000000,0.000000,0.000000,56502.000000,10,0,0,0.000000,0.000000,0.000000,48241.000000,0,0,0,0.000000,0.000000,0.000000,39509.000000,7,0,0,0.000000,0.000000,0.000000,25453.000000,4,0,0,0.000000,0.000000,0.000000,4956.000000
987,658006.000000,644845.184397,0.000000,1,9,1,0,650483.000000,679575.000000,0.000000,180941.000000,0,0,0,0.000000,0.000000,0.000000,51267.000000,3,1,0,405143.000000,447367.000000,0.000000,58963.000000,8,1,0,365684.000000,388404.000000,0.000000,73656.000000,1,1,0,307054.000000,314748.000000,0.000000,60909.000000,0,0,0,0.000000,0.000000,0.000000,110035.000000,6,0,0,0.000000,0.000000,0.000000,75810.000000,0,0,0,0.000000,0.000000,0.000000,23160.000000,0,0,0,0.000000,0.000000,0.000000,16162.000000,0,0,0,0.000000,0.000000,0.000000,7103.000000
988,659405.000000,644859.921053,0.000000,1,0,0,0,0.000000,0.000000,0.000000,118841.000000,7,1,0,540149.000000,560734.000000,0.000000,75204.000000,1,1,0,478522.000000,485530.000000,0.000000,85389.000000,0,0,0,0.000000,0.000000,0.000000,107692.000000,2,0,0,0.000000,0.000000,0.000000,102520.000000,1,0,0,0.000000,0.000000,0.000000,56328.000000,5,0,0,0.000000,0.000000,0.000000,29469.000000,8,0,0,0.000000,0.000000,0.000000,41616.000000,1,0,0,0.000000,0.000000,0.000000,33804.000000,1,0,0,0.000000,0.000000,0.000000,8542.000000
989,630321.000000,644845.220425,0.000000,1,6,1,0,656706.000000,679575.000000,0.000000,95244.000000,0,0,0,0.000000,0.000000,0.000000,45237.000000,5,1,0,493985.000000,539094.000000,0.000000,118008.000000,3,0,0,0.000000,0.000000,0.000000,49817.000000,2,0,0,0.000000,0.000000,0.000000,80782.000000,4,0,0,0.000000,0.000000,0.000000,85857.000000,10,0,0,0.000000,0.000000,0.000000,49277.000000,5,0,0,0.000000,0.000000,0.000000,41307.000000,5,0,0,0.000000,0.000000,0.000000,38372.000000,2,0,0,0.000000,0.000000,0.000000,26420.000000
990,632676.000000,644832.928283,0.000000,1,2,1,0,620604.000000,679575.000000,0.000000,98660.000000,0,0,0,0.000000,0.000000,0.000000,94734.000000,5,1,0,449912.000000,486181.000000,0.000000,79863.000000,5,0,0,0.000000,0.000000,0.000000,82753.000000,9,0,0,0.000000,0.000000,0.000000,98763.000000,4,0,0,0.000000,0.000000,0.000000,73013.000000,0,0,0,0.000000,0.000000,0.000000,51936.000000,4,0,0,0.000000,0.000000,0.000000,28393.000000,0,0,0,0.000000,0.000000,0.000000,13359.000000,2,0,0,0.000000,0.000000,0.000000,11202.000000
991,632857.000000,644820.843592,0.000000,1,0,0,0,0.000000,0.000000,0.000000,64011.000000,3,1,0,579245.000000,615564.000000,0.000000,86613.000000,3,1,0,491451.000000,528951.000000,0.000000,94934.000000,7,1,0,407811.000000,434017.000000,0.000000,35650.000000,5,0,0,0.000000,0.000000,0.000000,52990.000000,2,0,0,0.000000,0.000000,0.000000,105882.000000,9,0,0,0.000000,0.000000,0.000000,31131.000000,0,0,0,0.000000,0.000000,0.000000,69696.000000,6,0,0,0.000000,0.000000,0.000000,68575.000000,3,0,0,0.000000,0.000000,0.000000,23375.000000
992,654304.000000,644830.403226,0.000000,1,5,1,0,643306.000000,679575.000000,0.000000,51252.000000,6,1,0,605454.000000,628323.000000,0.000000,115401.000000,6,1,0,483639.000000,512922.000000,0.000000,121213.000000,8,1,0,367431.000000,391709.000000,0.000000,65306.000000,8,0,0,0.000000,0.000000,0.000000,62446.000000,0,0,0,0.000000,0.000000,0.000000,100263.000000,0,0,0,0.000000,0.000000,0.000000,39157.000000,3,0,0,0.000000,0.000000,0.000000,32048.000000,0,0,0,0.000000,0.000000,0.000000,39503.000000,1,0,0,0.000000,0.000000,0.000000,27715.000000
993,627152.000000,644812.600201,0.000000,1,3,1,0,643256.000000,679575.000000,0.000000,77233.000000,7,1,0,581757.000000,602342.000000,0.000000,97522.000000,10,1,0,453579.000000,504820.000000,0.000000,67437.000000,8,1,0,410768.000000,437383.000000,0.000000,57447.000000,0,0,0,0.000000,0.000000,0.000000,128927.000000,9,0,0,0.000000,0.000000,0.000000,64881.000000,9,0,0,0.000000,0.000000,0.000000,61369.000000,3,0,0,0.000000,0.000000,0.000000,11867.000000,7,0,0,0.000000,0.000000,0.000000,43693.000000,3,0,0,0.000000,0.000000,0.000000,16776.000000
994,660260.000000,644828.140845,0.000000,1,4,1,0,661662.000000,679575.000000,0.000000,26838.000000,10,1,0,601496.000000,652737.000000,0.000000,129858.000000,0,0,0,0.000000,0.000000,0.000000,47443.000000,1,1,0,468428.000000,475436.000000,0.000000,74787.000000,9,1,0,363595.000000,397972.000000,0.000000,100872.000000,8,1,0,263672.000000,279026.000000,0.000000,40463.000000,3,0,0,0.000000,0.000000,0.000000,88503.000000,10,0,0,0.000000,0.000000,0.000000,74578.000000,7,0,0,0.000000,0.000000,0.000000,64668.000000,5,0,0,0.000000,0.000000,0.000000,12250.000000
995,658730.000000,644842.112563,0.000000,1,0,0,0,0.000000,0.000000,0.000000,94430.000000,1,1,0,578137.000000,585145.000000,0.000000,75930.000000,2,1,0,450244.000000,509215.000000,0.000000,97297.000000,5,1,0,371229.000000,411918.000000,0.000000,131589.000000,7,1,0,255145.000000,280329.000000,0.000000,47614.000000,3,0,0,0.000000,0.000000,0.000000,52944.000000,8,0,0,0.000000,0.000000,0.000000,77071.000000,1,0,0,0.000000,0.000000,0.000000,57745.000000,7,0,0,0.000000,0.000000,0.000000,7791.000000,0,0,0,0.000000,0.000000,0.000000,16319.000000
996,645798.000000,644843.072289,0.000000,1,2,1,0,620604.000000,679575.000000,0.000000,72864.000000,8,1,0,589381.000000,606711.000000,0.000000,98331.000000,0,0,0,0.000000,0.000000,0.000000,54511.000000,1,1,0,446861.000000,453869.000000,0.000000,81018.000000,1,1,0,365843.000000,372851.000000,0.000000,104522.000000,6,0,0,0.000000,0.000000,0.000000,67750.000000,0,0,0,0.000000,0.000000,0.000000,96585.000000,0,0,0,0.000000,0.000000,0.000000,35798.000000,4,0,0,0.000000,0.000000,0.000000,18741.000000,7,0,0,0.000000,0.000000,0.000000,15678.000000
997,625165.000000,644823.335005,0.000000,1,1,1,0,672567.000000,679575.000000,0.000000,99154.000000,7,1,0,559836.000000,580421.000000,0.000000,60103.000000,5,1,0,476314.000000,520318.000000,0.000000,130644.000000,3,1,0,348631.000000,389674.000000,0.000000,102127.000000,5,0,0,0.000000,0.000000,0.000000,79709.000000,0,0,0,0.000000,0.000000,0.000000,37756.000000,10,0,0,0.000000,0.000000,0.000000,51039.000000,2,0,0,0.000000,0.000000,0.000000,42653.000000,9,0,0,0.000000,0.000000,0.000000,18532.000000,6,0,0,0.000000,0.000000,0.000000,3448.000000
998,630838.000000,644809.321643,0.000000,1,9,1,0,650483.000000,679575.000000,0.000000,89172.000000,10,1,0,539162.000000,590403.000000,0.000000,94731.000000,1,1,0,485577.000000,495672.000000,0.000000,58161.000000,0,0,0,0.000000,0.000000,0.000000,130804.000000,3,0,0,0.000000,0.000000,0.000000,34911.000000,6,0,0,0.000000,0.000000,0.000000,52502.000000,2,0,0,0.000000,0.000000,0.000000,86346.000000,4,0,0,0.000000,0.000000,0.000000,49669.000000,6,0,0,0.000000,0.000000,0.000000,14012.000000,1,0,0,0.000000,0.000000,0.000000,20530.000000
999,655885.000000,644820.408408,0.000000,1,8,1,0,662245.000000,679575.000000,0.000000,71038.000000,8,1,0,591207.000000,608537.000000,0.000000,104868.000000,10,1,0,438019.000000,503669.000000,0.000000,91627.000000,8,1,0,380319.000000,412042.000000,0.000000,42328.000000,1,1,0,354321.000000,364416.000000,0.000000,114281.000000,8,0,0,0.000000,0.000000,0.000000,73714.000000,8,0,0,0.000000,0.000000,0.000000,63929.000000,6,0,0,0.000000,0.000000,0.000000,35933.000000,5,0,0,0.000000,0.000000,0.000000,49212.000000,1,0,0,0.000000,0.000000,0.000000,8955.000000
1000,631261.000000,644806.849000,0.000000,1,0,0,0,0.000000,0.000000,0.000000,75113.000000,0,0,0,0.000000,0.000000,0.000000,71792.000000,10,1,0,481429.000000,532670.000000,0.000000,103984.000000,2,0,0,0.000000,0.000000,0.000000,98892.000000,1,1,0,322100.000000,329794.000000,0.000000,109521.000000,10,0,0,0.000000,0.000000,0.000000,65026.000000,10,0,0,0.000000,0.000000,0.000000,63249.000000,6,0,0,0.000000,0.000000,0.000000,12970.000000,0,0,0,0.000000,0.000000,0.000000,11963.000000,8,0,0,0.000000,0.000000,0.000000,18751.000000
